Unix_Timestamp;X;Y;Z;Pitch;Yaw;Roll
1779115660.173412;-0.017080082369964517;0.009550721559294047;0.010414338091360083;-0.029187958630443045;-0.010674782804195773;0.0010122201220880416
1779115660.212074;-0.0113163770859446;-0.020930277965472224;-0.19207915109005477;-0.5504605916918045;-0.2042019234013586;0.004762454771814848
1779115660.243812;-0.011117985338269073;-0.017499130985387495;-0.14376560893701568;-0.44457860243250763;-0.19674626114205282;0.011585415892352381
1779115660.267347;-0.01080581253010517;0.0017400016159857521;0.01334695914707413;-0.1715084182301102;-0.1778278198218022;0.016216717755078176
1779115660.276068;-0.010838144294951625;0.001853444260340301;0.05456167176079862;-0.17149227366677725;-0.17687477941944285;0.017482032024707293
1779115660.30226;-0.01122146408597494;-0.002948232541192027;0.07638980453644902;-0.25337235081801224;-0.17900537273827352;0.021042690353814095
1779115660.314601;-0.011874020417705185;-0.0136900205194083;-0.08143965585138799;-0.427045444977392;-0.18824215176747475;0.022325407961921288
1779115660.324382;-0.012391216884403406;-0.022203637686564175;-0.2065305258411684;-0.5646935012327251;-0.1955629442343999;0.0233420512499047
1779115660.339935;-0.012540207921097843;-0.025146209883349774;-0.24320784107257634;-0.6068028510048232;-0.19893669608227643;0.024208550033427444
1779115660.35586;-0.012527148750111754;-0.025553489343223185;-0.2408643504821045;-0.6064465981275764;-0.20035797478670758;0.024911302632750057
1779115660.37382;-0.012387687499869298;-0.024524308586335898;-0.2054162971525258;-0.5103766709882409;-0.2020966739516826;0.025137667400334688
1779115660.403772;0.025711779860163174;-0.022656683802615145;-0.27229181421057885;-0.6171561933598282;-0.3449511778361174;0.012399021313215741
1779115660.420607;0.06971899668561277;-0.021829145526578893;-0.38943000440260594;-0.8533951301193512;-0.5084682066432803;-0.0025571344720246784
1779115660.452462;0.07437397537774863;-0.024210726524431604;-0.18312490761080308;-0.6635573034037431;-0.48864601209058617;-0.01080200118659671
1779115660.485391;0.034596224046746914;-0.022879733252333383;-0.16747039517753412;-0.49485503857641355;-0.22131921105791752;-0.00943096928746057
1779115660.502879;0.030505049498431476;-0.02571076963565656;-0.15256606262194847;-0.663348404302107;-0.22251179430258616;-0.007641171742213044
1779115660.530256;0.028789551591261394;-0.027370107881702348;-0.21982663020736182;-0.7626676473207163;-0.22995929227525372;-0.006586257358753302
1779115660.559592;0.029097889666260392;-0.028577448927447572;-0.29156880486152803;-0.7622353039483943;-0.2315326340554867;-0.006325395098563627
1779115660.581472;0.029785169180291185;-0.030844921178290317;-0.2710849907270218;-0.7624055188794067;-0.23189814854063742;-0.006232448109675475
1779115660.595884;0.0318165178579727;-0.03314701768914467;-0.20634692875466898;-0.762787193213444;-0.24083816940456668;-0.006588555523854685
1779115660.628854;0.032150807107735276;-0.03470395458210227;-0.16480376646195194;-0.602120572468344;-0.2454879731278243;-0.006495470420092561
1779115660.657301;0.02906707414635361;0.024122439534711104;0.013937627516414808;-0.27533211054091683;-0.2342802228303313;-0.006312423107625983
1779115660.684983;0.07423645894002409;0.025634601062752345;-0.019268706068794494;-0.3611589622262273;-0.41746313883558783;-0.010540573601131701
1779115660.704083;0.11843123687095439;-0.004466798907699054;-0.15343101278583038;-0.593939194962142;-0.5968760126518281;-0.016117733877102133
1779115660.719834;0.11807509470233174;-0.004426681607787151;-0.18268960158993758;-0.6213473237376493;-0.59691368963066;-0.0226728855540298
1779115660.751649;0.07972187142871977;-0.004565162383756379;-0.20381634021426476;-0.6403771998115588;-0.4276250243720216;-0.028732258953202687
1779115660.783405;0.05992673064718706;-0.006520724172423266;-0.20350415136433955;-0.6424277453582361;-0.3410033470405867;-0.03038297713315009
1779115660.79911;0.05999052557298989;-0.007462047167489421;-0.20438432202801007;-0.644153489483748;-0.34224488915048973;-0.031139860773721193
1779115660.831081;0.061031515262487235;-0.008012430895613433;-0.20748647802559367;-0.6472610020504788;-0.35578726433992963;-0.032990496212077065
1779115660.856866;0.06397582262928332;-0.00845131176495011;-0.2072249303056349;-0.6526072589631914;-0.3960082082150525;-0.035747792233526456
1779115660.882092;0.06573376284968377;-0.009900934998166192;-0.2079799162291678;-0.6564367506839528;-0.39929693029582286;-0.03836779395639227
1779115660.907204;0.05465287833311395;-0.013157742815101545;-0.08950170024196277;-0.4952640623000596;-0.36115680848112636;-0.038711680454938904
1779115660.932029;0.03928547455524877;-0.014681651983468774;-0.02963175246104792;-0.41170693617738113;-0.33543414081269807;-0.03851444035108848
1779115660.958515;0.029430481366911905;-0.014556738946650286;-0.034514940429366696;-0.4322448089118528;-0.34944914255803505;-0.040171391031351936
1779115660.974398;0.03101092469194512;-0.014511219530727567;-0.034814621259842325;-0.45779418683228207;-0.38037012227418654;-0.042979998926339455
1779115661.006302;0.031875421431705894;-0.014183614392392135;-0.06522907781976167;-0.48077750924077617;-0.4017235076943069;-0.061740015665600986
1779115661.023945;0.03358671482863234;-0.01362669086715677;-0.139837073345547;-0.5115001164383473;-0.4400208370424175;-0.07968516337090785
1779115661.054278;0.07804444914153617;-0.013409505032280973;-0.22702497122086415;-0.5796666380626053;-0.6080245090213222;-0.13601011999416904
1779115661.07449;0.13759422575476846;-0.014037915932901586;-0.22266784226134742;-0.625568886487939;-0.778516860658726;-0.18896184573373673
1779115661.106177;0.1364487209385867;-0.014208185359158057;-0.22057500541982156;-0.6480255882869125;-0.78185341721321;-0.20955431476670472
1779115661.13336;0.13665650436587415;-0.01457647460209112;-0.21651150381139733;-0.6784290180786923;-0.8311467095788657;-0.24176202246755932
1779115661.157643;0.14411370601991022;-0.014999958293501805;-0.21464227820169604;-0.6843593284865939;-0.9781914251348753;-0.3070476691273677
1779115661.181462;0.15863610729139221;-0.015173015682500686;-0.2114117510468131;-0.6832946175297226;-1.033003023964366;-0.34665126532225865
1779115661.207147;0.17106763768971162;-0.015618288328551572;-0.20857469082686658;-0.6805091542680193;-1.032808891782786;-0.3686249815048902
1779115661.228871;0.17033284517706646;-0.016642732682685325;-0.20861598759260294;-0.6801571121063688;-1.0235977989094287;-0.37793232038656194
1779115661.25784;0.15408415384511306;-0.017667561895408062;-0.12413989276448767;-0.5407066047971963;-0.9081416848482988;-0.37792612611219967
1779115661.277201;0.1518799953615906;-0.017864070011470952;-0.09363639292693855;-0.5080884396545658;-0.8938296660379794;-0.37782581854105923
1779115661.309048;0.15145552013871627;-0.01778460456368869;-0.0953377711709294;-0.4965031449869362;-0.8959405810971429;-0.3775442353567772
1779115661.325318;0.1510159581917901;-0.017665553179361176;-0.11206831150532158;-0.49758603709355465;-0.8963726361823394;-0.37733451573551285
1779115661.358385;0.14882066420569132;-0.017021259895590675;-0.09547066899821327;-0.4878631939901287;-0.8838919354126751;-0.3753543760026962
1779115661.383242;0.13923912115185944;-0.013108580726564449;0.0025600773615300915;-0.43126201500515476;-0.8038875678359338;-0.3660400694364875
1779115661.408282;0.09463019466827642;-0.012332024349366802;-0.08019664955769559;-0.4264516548604918;-0.6138685707751886;-0.3388630554401107
1779115661.432925;0.07736507847969927;-0.012323202765673958;-0.10675645250507597;-0.42054244455491074;-0.5418038363892634;-0.3263844844843239
1779115661.452553;0.07758335419169071;-0.012462392198222483;-0.08559421269491899;-0.39223411947447584;-0.5412759189576452;-0.3241507992248854
1779115661.484288;0.07811295413778503;-0.012716690036437554;-0.006721284379825134;-0.2345290811358916;-0.508211084764141;-0.31883018424260884
1779115661.504644;0.07755669175639426;-0.012744633950362657;0.08254600577331106;-0.08383802620132377;-0.37964875621040306;-0.3035204128267992
1779115661.533375;0.0773808981719785;-0.009631959356513195;0.10190477770852742;0.012465126599465776;-0.34900865660075053;-0.29859004701555936
1779115661.550163;0.07756374697629556;-0.007593313574921294;0.09738372465433354;0.03336554975350291;-0.36493468546674324;-0.298448904500636
1779115661.579429;0.07807269233355954;-0.005386468576270573;0.09134594867450832;0.016641167798426088;-0.4046841824486988;-0.2983887656153372
1779115661.606824;0.07835092232447306;-0.005180766362097183;0.06998759334850277;-0.03765119548617152;-0.4409514400109005;-0.2983083571254206
1779115661.634604;0.08067043779518436;-0.00222840195435465;-0.05189137050284157;0.028769928124706034;-0.6073607995223923;-0.29838728758975275
1779115661.659245;0.0940313093153454;-0.006185576281801991;-0.052540668362476894;-0.12188491231744361;-0.6793185738712908;-0.2985602667768684
1779115661.675594;0.10478407467094875;-0.007550136175747452;-0.05417117007629207;-0.04795326368800594;-0.7037468149822761;-0.30017781325124093
1779115661.70815;0.1357732522770466;-0.007381227686219684;-0.001274232443084923;0.10146502126185715;-0.7972801162622042;-0.32748601859140214
1779115661.725084;0.14810272900356836;-0.0069835303680999515;0.06903026058744326;0.1860110379538694;-0.8618373797680509;-0.34238430356706795
1779115661.757355;0.15707054127310827;-0.0005251978222615894;0.1787223616934357;0.4315599612080816;-0.8303723855992493;-0.3630311951479121
1779115661.775567;0.1542959986930929;0.00783742033249848;0.1936328283462355;0.5915863348983161;-0.6900458190363662;-0.3702995409551089
1779115661.807104;0.15427363349377454;0.023190241068122414;0.2606650277351221;0.5898667704109085;-0.707959690098939;-0.3747807508598291
1779115661.833593;0.15365862748790157;0.02186820307348634;0.20984134001926205;0.3675366647005468;-0.7893718305747399;-0.37745182614687567
1779115661.857982;0.1518409387009672;0.02161605000558385;0.19025945351429704;0.4836566418135753;-0.7109684457174494;-0.37791433125878754
1779115661.881053;0.1505616600666195;0.022217090808250742;0.24350595193152633;0.5462009646051592;-0.6642067740689456;-0.37799373237813827
1779115661.896991;0.1499840134255376;0.023010069496875084;0.31598220182856707;0.5450573839404093;-0.6555992313980628;-0.37798491170541965
1779115661.928431;0.1418910637883648;0.022251283864922224;0.23846100127245942;0.5287190107688446;-0.5798396974116458;-0.37789096886430473
1779115661.944327;0.13978130420725127;0.022200366959971598;0.2265919250556382;0.5249787409443236;-0.5625725878162569;-0.37762759837038073
1779115661.975674;0.13226625917777526;0.02208090578270159;0.21008959024037716;0.5030140799670376;-0.5122189671197844;-0.37614421089348027
1779115662.007921;0.12601998338841391;0.021986075305223264;0.202160701306227;0.48172651477469314;-0.47552448360041916;-0.3747613528270952
1779115662.026434;0.12596135338758468;0.02206862568135255;0.20257892035293018;0.4814624473908462;-0.47863823857794074;-0.3746786137008473
1779115662.05589;0.12540539173449564;0.022691556607857717;0.204530941965183;0.4815598944329678;-0.4885229426932522;-0.37419966872591925
1779115662.076118;0.12529308130535652;0.022705356646667986;0.2040713461927313;0.48080613432344577;-0.4994897798136601;-0.3741101387357175
1779115662.103648;0.12560152069972655;0.023210243690097304;0.2583186647990552;0.47402431749805596;-0.5101390429230938;-0.37402438946572936
1779115662.135736;0.12484697056170484;0.022598456929405077;0.18582476697798694;0.46553051666811274;-0.5222233049871742;-0.3739572779656205
1779115662.151695;0.12412295458700816;0.021872033156034556;0.10563425350607109;0.4617575486651855;-0.530067860661176;-0.37392251602126064
1779115662.183345;0.12417804779709145;0.021623432390076653;0.11042066361586643;0.448960763708637;-0.5522135250566066;-0.37381546037166996
1779115662.199824;0.12439187558499236;0.02181429369141207;0.13219768369328677;0.44896542564625763;-0.5529550869225481;-0.3737787476129075
1779115662.231234;0.12459728900498158;0.022043329575260135;0.15615147050819408;0.449015088545299;-0.5534173362225462;-0.37354961530788305
1779115662.246929;0.12452084478437075;0.02209614905623411;0.16106423971152456;0.44903733371937926;-0.551621833043745;-0.3731728736343658
1779115662.285019;0.12252374385780376;0.02207619346687445;0.161503916120719;0.44898468466013686;-0.5279955742193576;-0.36942894567488616
1779115662.313487;0.11867002511336294;0.02212098418721234;0.16955257782354555;0.44897600227214224;-0.4985146304460122;-0.3643418982561333
1779115662.327349;0.11634123613384127;0.022221789888636087;0.1819535149902128;0.4489973449059583;-0.485954916540462;-0.36216583967237403
1779115662.357192;0.11279769891492417;0.022355338524572027;0.19247761844769762;0.44907993544969566;-0.46869628671407637;-0.35909445352387165
1779115662.376464;0.11177543653907761;0.022385107189857395;0.19398092549705084;0.4484832048735829;-0.46401028135402683;-0.3582200981099661
1779115662.411411;0.1115831610468154;0.022307926040482817;0.18873549501415168;0.4435249872589288;-0.46332170683158863;-0.3577190758657166
1779115662.42786;0.11151133154714661;0.02222438527476913;0.1825165193231222;0.4392328983864141;-0.4632784357875951;-0.3573273179912035
1779115662.453174;0.10013468842630774;0.0221571597187319;0.18415836722045487;0.43803839631561486;-0.4096762888577936;-0.34869444330011573
1779115662.484763;0.09557112886028352;0.0184430419912913;0.06500571393597136;0.2888486717648434;-0.39223511922431803;-0.3444526908337254
1779115662.500702;0.09566454382807012;0.01519905892072608;0.02858011868295758;0.2424087967780732;-0.3933870188671373;-0.34384190116426017
1779115662.532408;0.09668366845308166;-0.0002243599744015546;-0.048217959942329525;0.1640428387843481;-0.3969259454108089;-0.3434011418113372
1779115662.54807;0.09681489316379785;-0.016502250005351736;-0.17057533594231258;0.04448961055871567;-0.3975669651934625;-0.3433515148832788
1779115662.582378;0.09826268808505063;-0.029890248188698725;-0.07020502155165023;0.004173251686677939;-0.39760211386522937;-0.3432358480014286
1779115662.611292;0.09893595447706512;-0.029704415915130587;0.01418060425545134;0.064894049905987;-0.3886182008359532;-0.3426532362243118
1779115662.628441;0.09894130960016866;-0.02932119348676919;0.026713938103027933;0.07840772748595244;-0.3570326053044595;-0.33873583171381505
1779115662.659938;0.10570668688176674;-0.026921575998686064;0.021477799552213798;0.11239567968628686;-0.3162168162697038;-0.33208593383568896
1779115662.681366;0.11509282730039827;-0.02407080770800185;0.01141727127308597;0.15070270487204096;-0.31335294184423934;-0.32113077219417213
1779115662.706839;0.11509528164815805;-0.024110169665558696;-0.008238493583322045;0.131260594778621;-0.2603211371847683;-0.25420256802422897
1779115662.738782;0.11976252299905797;-0.024013452421965738;-0.05835782510627019;-0.06302273755689128;-0.25551778860241836;-0.20610479702962564
1779115662.754797;0.07437265398724052;-0.023572014787750995;-0.04576731058010491;-0.06596103961264634;0.015450694246169572;0.03065672004552572
1779115662.78805;-0.12410417825651816;-0.019731450028749417;-0.09761167583163426;-0.16854019892333064;0.8278668510464204;0.8915791898603693
1779115662.813154;-0.4907426999399891;0.034328405359514536;-0.22640059776925697;-0.5512084777228943;1.7522022953575145;2.56843630211032
1779115662.833239;-0.9421640146062871;0.13212168480090178;-0.3566279547184681;-1.1003066222861648;2.6595824109504855;4.76459067944765
1779115662.853643;-1.4399020345962785;0.21507520203407204;-0.9146250401703415;-2.0602192788262568;3.980566755481661;7.307053552489734
1779115662.881641;-2.18550796395888;0.5120414515053111;-1.94062254427597;-3.8223193291761404;6.8279677386495266;11.73062546614603
1779115662.897079;-2.5930719024819435;0.7416213220568818;-2.6037158003253045;-4.96057450887478;8.741788941819603;14.47186237471632
1779115662.934927;-2.7037949980075844;1.358121853734322;-4.674626361325927;-8.222656654281717;13.164659359350376;20.428364888609373
1779115662.960626;-2.3567052899929655;1.7378722539384728;-6.501473921092997;-10.3958850293688;16.575382045160087;23.94017268370141
1779115662.977368;-2.036331452498913;1.8983920028664016;-7.282354793474808;-10.879421189753554;18.84066930463234;25.487858064858578
1779115663.008446;-1.5168282517218468;2.0748706922102156;-8.404790090521674;-11.590345010769346;22.09069948327775;27.552050080101502
1779115663.038381;-0.9819598244451206;2.056308169046812;-9.11939155098779;-12.231673795090257;24.218108049737616;28.628766338801015
1779115663.055564;-0.6377465908152715;1.994879746997803;-9.447883234451258;-12.667390232581427;25.230752443317495;29.05061637565966
1779115663.087458;-0.16539671598392464;1.8298903013899535;-9.650893165479449;-13.665882965683373;25.9063235007196;28.947361953061638
1779115663.104165;-0.07794304897755053;1.7479017117179954;-9.590647779087252;-13.66963382575834;26.06916808180605;28.399773083291254
1779115663.13493;-0.0068888946097842435;1.655239519000294;-9.453813832053454;-13.536965163800913;25.971711487354025;27.481423277688492
1779115663.155037;-0.02736504573147964;1.5427927465540643;-9.188296194012079;-13.261056337643133;25.42524660249827;26.61016225164592
1779115663.182576;-0.12645550094248764;1.211489817896468;-8.451299154962882;-12.524523977670219;24.01448454929693;24.571997118058583
1779115663.200863;-0.18909070075701453;0.9808461419684142;-8.016271258369265;-11.81300441621275;23.487648652929078;22.62213765737338
1779115663.231174;-0.2031182020131952;0.5552441316555705;-7.193985168843478;-10.476458498502518;22.4304290215011;18.639821521587198
1779115663.262074;-0.15525380483132314;0.07900459482287292;-5.91735168808036;-9.261346258937959;20.141924871769763;13.997956261040127
1779115663.277744;-0.12297079344370589;-0.14311555437834925;-5.1816537956988595;-8.702310109931844;18.609413070175567;11.766014028664916
1779115663.31019;-0.03420132320786795;-0.45992500666347363;-3.6674019643441835;-7.463534746259188;14.826031744713692;8.053243976249123
1779115663.331056;0.04181685548409032;-0.6639678021754347;-2.3803431608069525;-6.484480854781823;11.585424152982092;5.266198575387385
1779115663.358036;0.006790426762161121;-0.7986988882365401;-1.170156863701452;-4.930537267837245;7.741736734382705;2.9476076756857053
1779115663.385893;-0.10120554098296417;-0.8253541835298541;-0.3758283143119851;-3.4864996589722006;5.43890831315984;1.3290605862419063
1779115663.406645;-0.06019958964263279;-0.8448354643531797;-0.0896663140994769;-2.9135726995043423;3.880885745684445;0.19223214868811134
1779115663.435443;0.18393325848734912;-0.9056924416463119;0.04751343708762675;-2.766576124528706;1.2512617506912864;-1.2587527536772118
1779115663.456749;0.2105304500039209;-0.9140730516710817;0.3976404596991217;-2.3140580981736094;-0.17094671765856084;-1.5850677233837684
1779115663.486145;0.1825812322807537;-0.8561762808043983;0.6114589361639134;-2.0228383269039023;-0.7008537903542487;-1.713404900348808
1779115663.502891;0.20081422371337887;-0.8595093249159467;0.47304573896384483;-2.1737042577814405;-0.8582666363135546;-1.7883175076064977
1779115663.533439;0.2739436977810901;-0.8878973717570725;0.22921462215894517;-2.4093338674896145;-0.8418132112043697;-1.9203681436023408
1779115663.557344;0.3231245843913158;-0.8837051070666513;0.36890514081410786;-2.174221686391484;-0.3982743425551999;-1.9704114708571288
1779115663.580912;0.3000111769397473;-0.87814475538469;0.43452027626607814;-2.1887446784612097;0.13412968040869;-1.9857406385022158
1779115663.612802;0.2946528540731585;-0.8769770613694751;0.4386254740770476;-2.369876844633888;0.5198935027402729;-1.9768876904105153
1779115663.637119;0.2968880731608028;-0.8354957849408372;0.3100849856557174;-2.1775839047396968;0.7317110105888649;-1.9574155842631222
1779115663.660656;0.29958610096845517;-0.8189907479059632;0.23717078023240423;-2.0771753124246337;0.8331147850312587;-1.894009014916567
1779115663.68626;0.30113364777157375;-0.8345968759306358;0.23953653009592302;-2.14041557852307;0.8422748598404923;-1.7780610549043907
1779115663.712407;0.2935691753665742;-0.8473979955711424;0.25243143829235726;-2.187661329548083;0.843915524323167;-1.6497826126521604
1779115663.732326;0.20324528635300787;-0.8504805550332387;0.45198868985162266;-2.0335987907736697;0.8401112606270075;-1.5323678877118287
1779115663.757689;0.1564217747058162;-0.8478156324646696;0.43040371298072166;-2.0548508628669717;0.7265346119651714;-1.409090046929707
1779115663.787748;0.15763020403981873;-0.843215863967679;0.29228294149014367;-2.1389650262808626;0.5826619025471913;-1.3338169289376696
1779115663.803845;0.1572451214182422;-0.8432901074819088;0.2929374781443072;-2.1071547450790833;0.5562464457364024;-1.322699679413406
1779115663.835374;0.14516595488664896;-0.8446684959679964;0.3248610470210143;-1.938507105807077;0.3122812324008766;-1.3030986024311708
1779115663.858211;0.14445836370761725;-0.8447705988002292;0.335595552019876;-1.9363202362894651;0.3129290254003039;-1.3030448644600476
1779115663.88634;0.14363898615791285;-0.8448770611738986;0.3402304424575531;-1.936643009249384;0.32264624353568927;-1.3035951405404964
1779115663.914664;0.17183060619820517;-0.8387682289008808;0.4845466387205726;-1.7948725824031677;0.2174462421298228;-1.3994520198122329
1779115663.93723;0.23039463517035808;-0.8256843761875338;0.5891779853375964;-1.675080928837336;0.12382615153249175;-1.6342881422605653
1779115663.962211;0.3503412619262537;-0.8073798095206605;0.536688332830721;-1.6833139058258402;0.07633668897444734;-2.162531972885646
1779115663.980407;0.5314299089804998;-0.843378100079913;0.36922074225302787;-1.8605682319172572;-0.22241882419659537;-2.9327577085589414
1779115664.010097;0.9354867833551109;-0.8760190887877897;0.21447121304837732;-1.9155435133158214;-1.0417723697329264;-4.534304487074298
1779115664.034002;1.5474972074979587;-0.8321488184558915;0.13383539668835465;-1.969232215137076;-2.340593726865743;-6.947382093724493
1779115664.058913;2.4099729551108777;-0.7021213632353859;-0.10144294491764974;-2.1658053411104192;-4.386808854848647;-10.594518697175063
1779115664.078693;3.057285099481987;-0.5419560995864097;-0.6221054880761221;-2.4051973429878446;-6.445296307868746;-13.840789279668009
1779115664.105654;3.7514913463320854;-0.39964751832230444;-1.7388291556067923;-3.31469824968855;-10.353579719512817;-17.97854844980859
1779115664.136587;4.235304955104187;-0.17644520482914444;-3.3791911770702003;-3.8681708180657064;-15.403728348384238;-22.466750462543363
1779115664.159576;4.4217236479805395;-0.02754287479739896;-4.396970256795384;-4.071889299045155;-18.353501266836545;-25.203931736667478
1779115664.184702;4.520652386155368;0.09527817993560012;-5.195448282382402;-4.179850596096592;-20.755201324379556;-27.668399754236802
1779115664.212171;4.529365776067947;0.22131198964255924;-5.812069080726012;-3.879290903742539;-23.168642621854357;-30.06055406829402
1779115664.234995;4.545790802264117;0.22858750726339244;-5.9059317289082784;-3.897288071932328;-23.790653823656783;-30.806759571136354
1779115664.263289;4.457581931772002;0.10127321713232164;-5.863049282181833;-4.143929261606177;-23.630535990613964;-30.87309320867615
1779115664.28804;4.388268498277796;-0.027827716126133384;-5.746200000814197;-4.369801491758813;-22.901743256250274;-30.415610383994487
1779115664.312086;4.373479940400408;0.014833305528765467;-5.670835981955685;-4.318402995735993;-22.644009391344557;-29.963227303964505
1779115664.337421;4.337937869943625;-0.012141749849702527;-5.378872530431339;-4.473958007796822;-21.699415340698323;-29.086633126907316
1779115664.362211;4.342766565643087;0.014695444288620005;-4.9736403748844955;-4.2204288946223025;-20.674158397060015;-27.982048415144217
1779115664.387728;4.380507925887774;0.1055260592347792;-4.46908003649271;-3.4140596496795848;-19.618616679902534;-26.564906545883368
1779115664.404417;4.291973657790566;-0.02279298948047276;-3.957391732035285;-3.3816161794891224;-17.991361076304912;-25.031833872281744
1779115664.437544;4.0087117582394844;-0.27401301105702197;-2.900171193860619;-2.842017422278875;-14.873143607025105;-21.641646071456485
1779115664.461272;3.3893737502827723;-0.505489082959788;-1.5986729346823636;-2.1478480110762415;-11.519373909048674;-17.336169612979983
1779115664.487418;2.3331546573879947;-0.8282171052754947;-0.4807945571599628;-2.2930212133120706;-6.976922430285329;-11.318690140498282
1779115664.503604;1.5564125069270618;-1.0571886507810362;-0.24417814130161375;-3.132897974723983;-4.003064454167058;-7.3654515063502535
1779115664.53638;0.14773765070641853;-0.9847142586691587;-0.3625407539765615;-4.030460094217558;2.421469637363701;-0.36012549069708477
1779115664.561947;-0.33703953125146835;-0.8381520421670616;-0.9888892323250071;-4.608919123339101;5.979676805742594;2.6754275727967682
1779115664.579146;-0.5082992442336433;-0.7084605132293142;-1.4379188740162443;-4.851483758110256;8.154240781537409;4.318076102921342
1779115664.61108;-0.5286855696333675;-0.4859701528221302;-2.1858681884081266;-5.159346341181381;11.311277342829339;6.371708036374276
1779115664.636806;-0.33877066968808045;-0.4366603276600571;-2.6120578921241417;-5.567535126680722;12.610063340632477;6.873285481505737
1779115664.662367;-0.055023756928752;-0.5282229317392162;-2.9500934023307845;-6.190053791578181;13.323342833823343;6.362510686254682
1779115664.687196;0.11923180733865679;-0.5615572128974525;-2.83997663403596;-6.08793330157453;13.179008335525749;5.7940839016362515
1779115664.706657;0.1684415363719961;-0.5922571930291928;-2.5785164433986463;-5.977133623143312;12.884633756572539;5.27259206610892
1779115664.73826;0.1465330058843542;-0.6409094766544678;-2.1299189883808287;-5.75530617621007;11.86628906610152;4.428105443729331
1779115664.762782;0.11549226631004829;-0.6655400030564692;-1.9247097085411988;-5.4532998215906705;10.572661084145366;3.9288954997129735
1779115664.785704;0.02642168626104051;-0.6974406478985046;-1.4432353397108386;-4.986191965033356;9.37276749297506;3.5757772538697585
1779115664.802091;-0.04854498009156549;-0.6804421238653358;-1.2220659144527735;-4.746644470110886;8.784967522660283;3.330168911187194
1779115664.837515;-0.15322615180052335;-0.6568891740320854;-0.8569751973405547;-4.216448063326993;7.31072687663769;2.8006261847247633
1779115664.8632;-0.22856738469361537;-0.662051853033775;-0.6520743718114363;-3.885594690285873;6.284306978102529;2.4891701064886234
1779115664.882582;-0.30121162134802465;-0.6677284374409748;-0.5026085894718461;-3.7035282704413235;5.699048009329225;2.2973712100355344
1779115664.913099;-0.23401229015938935;-0.6760325382993132;-0.1672534248571628;-3.458276873393898;4.866108000229571;1.869053273556202
1779115664.937797;-0.2594878047904629;-0.6846365983161518;0.12954381966468886;-3.0794419788319636;4.388405004282918;1.6366260148255065
1779115664.96356;-0.16686884307490013;-0.6994206468536386;0.025213949263641844;-3.064222056816336;3.8377312331216893;1.377208952097185
1779115664.990319;-0.12480874851958593;-0.7118535860224141;0.07229801045648149;-2.9325875851401424;3.5626168041136332;1.235580999103949
1779115665.008552;-0.12604566522414035;-0.7168681248111551;0.17030343122784355;-2.7898118469704865;3.5166315988094707;1.1951805189742608
1779115665.039568;-0.09877969133351422;-0.7102162547867573;0.014623076454961461;-2.822240238547563;3.5446470035474373;1.1259382313291821
1779115665.059918;-0.092742376272648;-0.7096151796239996;-0.062125924036324866;-2.9514698712856773;3.745993754181433;1.1113088583523354
1779115665.079738;-0.09040048934048604;-0.7101619894524508;-0.08531453629249817;-3.0057737734940946;3.8286368096106465;1.1050602512790408
1779115665.103111;-0.09203276812534077;-0.7124965154991069;-0.05235897084096295;-3.0083815229566278;3.8583056105713376;1.104409463431433
1779115665.131846;-0.10365228541676365;-0.7197345105095546;0.10257029322234751;-2.99739343827852;4.081311075372656;1.1031051500825446
1779115665.151534;-0.11090808093105559;-0.7157202498927954;0.20202462763283846;-2.8681965893226122;4.081413072032451;1.1022875047277971
1779115665.186523;-0.088321574799373;-0.7083164825443408;0.15131794417549582;-2.6476014940468042;3.95673134106579;1.081932262601401
1779115665.198897;-0.08102007435928062;-0.7055904640645653;0.12331423428171612;-2.5801371024708;3.9220795851180488;1.0759643220427233
1779115665.232375;-0.08144939934278642;-0.6994106308427344;0.12912604954242793;-2.451218713621566;3.9220550933981757;1.0714877197770234
1779115665.246603;-0.08513281865444564;-0.6990302955721485;0.1315473672842119;-2.436078985044245;3.923711548257974;1.066912224467606
1779115665.294512;-0.11126341872159907;-0.6977039802957024;0.10756098171216685;-2.418545693393472;3.9359186622367477;1.0589242729572066
1779115665.325767;-0.1253382407029133;-0.6971521383157275;0.09574399051912032;-2.4021770532788196;3.940489985848779;1.0582717848436742
1779115665.341553;-0.12920920033163089;-0.6962447503059631;0.0698354870971563;-2.3957130590738243;3.9416254175840555;1.0569741942342272
1779115665.37323;-0.12621552663280758;-0.6938693398916624;-0.003907783483203571;-2.391738514045113;3.941103859995467;1.0484287233258736
1779115665.389389;-0.12864057878385754;-0.6951304956921293;0.027510136294690655;-2.3883041225038313;3.943391060726641;1.0389758272646805
1779115665.421485;-0.1254570416829979;-0.6959649041877917;0.04679216517782467;-2.394336869024383;3.8733724996025445;0.9750835568832675
1779115665.445664;-0.11995232481798015;-0.6932481492598523;0.12916322868577038;-2.5633807938331095;3.7917831413902214;0.8323024464895971
1779115665.464669;-0.09275366997954335;-0.6882908571240389;0.15333986940633942;-2.8340286148530622;3.645799403948457;0.712266566582821
1779115665.484282;0.01864316661227254;-0.6759123765806735;-0.05533094793941476;-3.4500826094320556;3.2048900366968405;0.6502875205064181
1779115665.500355;0.062221697991194584;-0.5932181072147602;-0.17071923067937483;-3.9645908460583086;2.925784905867241;0.5235014402764612
1779115665.540467;0.08890538490369684;-0.24044906285366593;-0.8304305720582137;-7.392750532395896;2.200548598635703;-0.004241641990552936
1779115665.550797;0.10111622721785617;-0.15072148860875464;-1.1579975394025506;-8.963867080258597;1.9494543444673744;-0.15776567418063625
1779115665.581017;0.5139744585170543;1.053916917792618;-4.409416559909314;-21.45982866984176;-1.9119903715905195;-0.3629814095512339
1779115665.595567;0.5047073026211573;2.007380723281865;-5.622484172446926;-26.782560809963282;-3.9999761641758114;0.15737653689668663
1779115665.627183;0.37084564776714746;3.623391053340824;-7.147508437304234;-34.4111132465133;-7.516486964594074;1.316289892983822
1779115665.643032;0.32435323594749155;3.8374345611623393;-7.157574969250152;-35.24983957484207;-8.30016038613642;1.5846805112163218
1779115665.681411;0.2055345398550681;3.9508359755334337;-7.187322638571665;-36.12940086090816;-8.591556621903097;2.0595957252796424
1779115665.708531;0.1256781833055382;4.142256635925342;-7.35095530935619;-37.16434035527634;-8.59156182781289;2.065390625922527
1779115665.722838;0.14353762365930656;4.056354729124431;-7.299791796172011;-36.794238701856514;-8.3443991543069;1.9619563027527418
1779115665.754461;0.22198603083145807;3.786413488744929;-7.155056946983114;-35.520964253781116;-7.569286298220328;1.577883132303553
1779115665.78172;0.30767688886130323;3.5705207050190992;-7.053987671661381;-34.47052241576367;-6.8846426706467545;1.1492421185413235
1779115665.801966;0.3335030715497608;3.5453110845834113;-7.024270500475374;-34.460997132681015;-6.82069210962847;1.016475276785518
1779115665.817845;0.3484266976734593;3.5506784942075287;-7.03859388197522;-34.437303646986166;-7.050939474564199;1.0398199427343555
1779115665.849857;0.36880447812657663;3.4953131820750825;-7.020201885042475;-33.98848957504275;-7.128585922968672;0.9876424229848496
1779115665.882001;0.3792212421621587;3.314105222160888;-6.948957949891845;-32.99576583788569;-6.822904301268112;0.8641722932127207
1779115665.897522;0.3839985740438316;3.2064539525900186;-6.919613080029296;-32.4738044561307;-6.764206164549671;0.8544031693299956
1779115665.929144;0.40895325223595724;2.9329927755340566;-6.675762071143513;-31.42112545577735;-6.484299908094598;0.8504626099129249
1779115665.944865;0.4174710078294808;2.725136443071179;-6.572616263697185;-30.679931447895466;-6.199018989126472;0.8358420247954894
1779115665.982234;0.514757548230144;1.7556359215002921;-5.803670473998844;-26.447474885645462;-5.209844354753811;0.48848950453975526
1779115665.99777;0.6065247431734956;1.140086374577396;-5.049501195080744;-23.11256370652344;-4.410548950735165;0.17263037310860066
1779115666.024198;0.8049490776226454;-0.03507064142979609;-3.034518795407192;-15.228939748995884;-2.2601960925696094;-0.5332221776997219
1779115666.055849;0.508584720675822;-0.4709277569362509;0.31326096216181293;-2.944113695030242;1.7356241535174293;-0.8730474238227127
1779115666.08231;-0.4492907136858114;0.44715399769459097;1.6975437293822737;6.942723179568567;5.770956463422751;-0.03296481944827068
1779115666.103828;-1.1807930025088553;1.0311781076595565;1.978378746793951;11.19580766745589;8.281048619495449;0.8642598585222155
1779115666.135873;-1.2497850121866805;1.214663988013967;2.327827578898492;12.178837606770285;7.856142825099482;1.076959316977517
1779115666.159248;-0.5871211777864282;0.6214549504381713;2.2819514195475135;9.060643652381302;4.9543973903737015;0.4321961103366305
1779115666.185995;0.06274348450073797;-0.3226807048892098;1.5949811944129513;4.385263556909283;2.2534650603815285;-0.17607330432034166
1779115666.202557;-0.16097877398907834;0.058267392526547834;1.9654293450757256;5.712400648535082;2.809056766968018;-0.15316598261445175
1779115666.2361;-0.516939089935833;0.5519321969303366;2.144113633668925;7.5720023427471554;3.905225078294084;-0.052508208123090996
1779115666.263575;-0.2715881963069411;0.29015182484798724;1.8842295576958406;6.140533724971265;2.948036244957175;-0.18410493495877733
1779115666.282402;-0.06854684974031787;0.04963891298957361;1.6847951398135597;4.85120643105658;2.1341098799208207;-0.31326103408803974
1779115666.31194;-0.08502735951910209;0.03192034132671483;1.5691118964027306;4.430121808687048;2.0713960598705303;-0.4094796809542129
1779115666.336309;-0.18599868159887042;0.2467984353026244;1.7626742611684971;5.097796583513265;2.5847049382534246;-0.3983908836873978
1779115666.359153;-0.09264805194031225;0.16905049837639916;1.622063796823834;4.336573921938674;2.2596032204624774;-0.40919404293675415
1779115666.390979;0.07318032192461378;0.0323930724235898;1.447436530322924;3.3564093990311954;1.5456279652110498;-0.4869185421951503
1779115666.406851;0.10802681648329038;0.02454017145588891;1.398823334465209;3.2239467929635413;1.4208179125813543;-0.5181134073921979
1779115666.438654;0.05778367804564415;0.1237381509871543;1.3942438949644456;3.5741476658604467;1.7742607844274867;-0.5288250571529094
1779115666.455172;0.05635584109200441;0.09349332147179651;1.430314756239443;3.3899914537238756;1.7837007824477142;-0.5346325834569536
1779115666.483359;0.05280304063091188;0.08916723484187608;1.5199074449631242;3.3516529107582365;1.7869661647686852;-0.5430447897593509
1779115666.518057;0.04347818176335556;0.1329282497807043;1.55319278894454;3.5416521794900166;1.798879974815282;-0.5639273679046715
1779115666.561204;0.027346436160181793;0.06702594725359005;1.3998347785451162;3.173008307537936;1.7928436329222825;-0.578227811220863
1779115666.596287;0.016950638717774632;0.14340193230120038;1.6615192288558451;3.4459328232598567;1.739192664391067;-0.5959178408743513
1779115666.627972;-0.011531400110342253;0.1174887144126941;1.662973685409412;3.4909106279385833;1.6665148929579867;-0.6225720064886033
1779115666.661802;-0.03957575747756392;-0.011964889796001903;1.6610404157838912;3.907210480521667;1.9435625939287968;-0.6714010614346894
1779115666.683374;0.07185280119399402;-0.0957286210322905;1.6742798393091578;4.915334615670888;1.9504637733767753;-0.8088738135696272
1779115666.694159;-0.13540314933050676;0.13212439057477882;2.0525024356281114;6.838631465051687;2.577331602543266;-0.5291329387246017
1779115666.707264;-0.3872386470873754;0.4089872572295266;2.5120785084300303;9.1756182592657;3.3390350488684346;-0.1892214318112656
1779115666.707264;-0.3872386470873754;0.4089872572295266;2.5120785084300303;9.1756182592657;3.3390350488684346;-0.1892214318112656
1779115666.722927;-0.9997554039089132;0.8162148825686247;2.8009892683209543;12.179093812985768;5.336722502815689;0.7030598994063868
1779115666.769977;-2.833822952613363;0.9848525958789245;1.6035510097197527;17.71636399542612;12.17327352585263;3.7782242210361554
1779115666.797598;-3.1762870469030675;0.8604856175512442;1.2748915759562793;18.34975318689222;13.231222912836502;4.621265802846353
1779115666.817835;-3.1648493877525246;0.896591513002785;1.5985883322435166;18.41535974760644;12.664691705265275;4.8086918133276955
1779115666.838765;-2.9646451231001567;0.9739075821730991;2.2578279694003567;18.189275177012874;11.17364336717984;4.694453202765665
1779115666.865654;-3.471200181115867;0.8463071703886882;1.3520231276921484;18.629247605992298;13.492106545359416;5.623105335632699
1779115666.88383;-3.4610972458831104;0.8693180765089328;1.2068932759890874;18.919705797622804;13.602820515334447;5.67749777849469
1779115666.912509;-3.2436228596250554;1.0397662023260619;1.5695443532335256;19.033938044604138;12.57962629100117;5.494277755724
1779115666.939335;-3.117611988669244;1.1462557159596456;2.013392938387424;18.59300085235031;11.6709188437153;5.407252120366704
1779115666.970536;-3.3023209850424466;0.8884300486482293;1.4722122725579143;18.05457041653016;12.631120561490732;5.5486160272199925
1779115666.992164;-3.3560611463190795;1.0109792408952945;1.422868240575193;18.352295954518137;12.907284295548056;5.7340739041900735
1779115667.008015;-3.181496274948308;1.2086592425520841;1.7367929817033088;18.698708528900656;12.296786477302359;5.500342537369196
1779115667.039915;-3.071418155300596;1.4269779269012919;1.9437063367646727;18.890089705719678;11.937455460830583;5.397412969351315
1779115667.061541;-3.127886915243198;1.425019339803754;1.72812234402361;18.463502490841083;12.242518010716333;5.552093669954434
1779115667.087755;-2.7668586569922287;1.5041520949599945;1.739109142939392;17.52922333780225;11.309184220122091;5.138494267793936
1779115667.103937;-1.9661474846073412;1.444148023097293;2.1234381751598237;15.364415210828465;8.514991296164528;3.8210668661846023
1779115667.140681;-0.5562677867618906;0.8657738739581581;2.0073083279974773;8.369529537738519;3.693896143920816;1.5799733726779435
1779115667.168566;0.21177061315401408;0.029267543882433023;-0.2838412413960558;-2.0623916785802923;0.6331380485515345;0.8234338678557873
1779115667.185165;0.5607683754860963;-0.40028954650242243;-1.956148973503415;-8.485812576772714;-1.0113951484999457;0.6597966247039719
1779115667.219007;0.5310027670761616;-0.14831140730809778;-2.4206680595607173;-9.767587951978014;-1.5099940179964078;1.0468932680708347
1779115667.241266;0.22780271393388146;0.3364459338600775;-0.574049003978276;-4.121832967771347;0.5376801971127669;1.0469378135335345
1779115667.257907;0.11171754782435653;0.4955380803611015;-0.217968349148648;-2.5429482680208446;1.3766978021966056;0.9796795944616121
1779115667.283388;0.11365193012289329;0.46968770706937824;-0.2802310801982379;-2.4898561043857725;1.5547459460565656;0.8903518602829363
1779115667.30351;0.3505212635225448;0.11816351738228859;-0.7465482196578804;-4.854420864955372;0.2521391216118427;0.8817444622024069
1779115667.325054;0.4385813945937691;0.01349378721451687;-1.0279854039019334;-5.847404136593086;-0.4724749647081062;0.8801945116576432
1779115667.357279;0.3297811900849774;0.12357455910165097;-0.8449566942936682;-5.058262489868116;-0.4640661064873929;0.8634373862001821
1779115667.374363;0.259004061784034;0.20654856591802273;-0.6555485772351161;-4.429664253232231;-0.3921639116743274;0.835277413479244
1779115667.408887;0.32580302418815793;0.1681084382966525;-0.7720427328408423;-5.192409706241589;-1.2233961410833103;0.7489670270339192
1779115667.424104;0.3253472520185588;0.1223866754945524;-0.8837547234405833;-5.692610598137351;-1.47588067676252;0.7339016669220896
1779115667.451502;0.2948540025920649;0.14937167185985645;-0.9297645423483294;-5.413242982660575;-1.4786625687072734;0.7114103653844669
1779115667.483544;0.2815569033454732;0.1552763465248247;-0.8041986693639902;-5.239340049053741;-1.4983081977261694;0.6312245584534938
1779115667.504189;0.28578428102169173;0.14769754507395882;-0.8035893349195435;-5.317407258179055;-1.6182368043690698;0.5913631344492122
1779115667.531285;0.3007456224905253;0.1483446844099854;-0.8285595347964103;-5.1853306002449635;-1.699743202587893;0.5666172416380075
1779115667.547182;0.3268796690457232;0.13470443741964885;-0.6173354704610223;-4.776422357006778;-1.5335764086696666;0.531618221562917
1779115667.579288;0.3376178256283363;0.13611394650917313;-0.6140706997348293;-4.63260363802549;-1.4338336624695982;0.4705551829335156
1779115667.604841;0.3378077510885299;0.13385442517411447;-0.5870804802543569;-4.654128297995787;-1.3548177353492359;0.4509004258440239
1779115667.630753;0.3368071247217981;0.13573165776635987;-0.6105686553106857;-4.657340738492718;-1.2124500376917335;0.4448583812906701
1779115667.658888;0.3334372956467331;0.14385227980247672;-0.7186250415024245;-4.6633263533956235;-1.0782111624134871;0.4435700163299331
1779115667.684781;0.32748883855071476;0.141764314422772;-0.712917190771542;-4.671155204285667;-1.0597587619872748;0.4527230819542695
1779115667.706959;0.3036087616352186;0.13309951750795573;-0.6086605406106611;-4.663596777707266;-0.9165649885410213;0.5038485171654661
1779115667.725559;0.2953660879782605;0.1314776334793561;-0.5863037334967102;-4.62763903311288;-0.8823113577092139;0.5784116340563016
1779115667.759769;0.2456759810206344;0.12731574539343882;-0.516217073536153;-4.560398332846219;-0.712855365534826;0.8284318667144649
1779115667.78509;0.19379265304632834;0.1297834694657029;-0.5325264809144918;-4.539796110394978;-0.5128603307388012;1.0223781423603717
1779115667.805429;0.16915075176078131;0.14123452747469392;-0.6711626310943751;-4.539804683295218;-0.4000536086180409;1.1150491043022992
1779115667.819162;0.1548042491743981;0.14133250386910862;-0.6573451355435408;-4.538167501100233;-0.2760230748473645;1.2696816587461595
1779115667.852891;0.03225110685990301;0.15336382937853205;-0.7042001537268915;-4.643753777369318;0.18604796853531003;1.9859621618812588
1779115667.874541;-0.16175875365034387;0.1768065253149246;-0.8183013739731381;-4.86049593801338;0.6581950411992362;2.9376021174783973
1779115667.905686;-0.6847399883893266;0.26098053085528145;-1.0570559619086284;-5.442210372067733;1.6908968203107269;5.513109423636064
1779115667.930647;-1.3528428934350663;0.4471811292442083;-1.4018711771865484;-5.974558228452943;3.159109563464816;8.642586658045769
1779115667.946446;-1.952777456658351;0.7160902811785871;-1.7798597618644532;-6.623447979337992;4.821227306796733;12.048896978563679
1779115667.985475;-3.0000973940248725;1.6415521784291802;-3.478968022186756;-8.288516373296085;10.121685044130988;20.422913083117486
1779115668.009695;-3.0715267377447932;2.145766831981591;-4.988822446504741;-9.28929148045715;13.535831769558788;24.843548906078553
1779115668.041431;-2.864212005685915;2.587096179753343;-6.549383537010306;-9.894553969567824;17.386468536554162;29.097282415419986
1779115668.05728;-2.766223623929068;2.771444707191976;-7.029166118459223;-9.797238852068055;19.12913964939733;30.61979023364332
1779115668.089228;-2.4941447256302696;2.922663721039924;-7.794183032975183;-9.554166444489823;21.563253549818054;33.376795590299174
1779115668.115126;-2.4133774638844714;2.9082650302655635;-7.9758448792279015;-9.543215027413224;21.571960621793234;34.652411357374135
1779115668.13688;-2.4159438975035377;2.919015804625502;-7.913075684166309;-9.354943759210842;21.369193695994195;35.18206086625408
1779115668.15852;-2.4309888603686494;2.924459773545241;-7.792918100457249;-9.181702955751177;21.15405297225682;35.42617481015886
1779115668.187571;-2.448109514238529;2.912587753249006;-7.63199975356641;-9.142853238025;20.863217472659564;35.37320929142626
1779115668.20957;-2.483706514647984;2.9176832216035553;-7.537504872555177;-9.295663869270964;20.39449380854386;35.18188453285796
1779115668.233104;-2.5145454162763228;2.9978489036187153;-7.360723289874247;-9.210480248347018;19.833052745089002;35.05656381816171
1779115668.249821;-2.5714585504685323;3.051472572468552;-7.176788128807101;-9.069694357840772;19.477335857756113;34.94841184635696
1779115668.280179;-2.7417823779707984;3.099082301311308;-6.735790319702679;-8.711135792001462;18.846739535244648;34.579159597644576
1779115668.307575;-2.781105804621961;3.0694081631314303;-6.436548854578463;-8.496436623263127;17.866247940272803;33.8143517877606
1779115668.331919;-2.7980959680133144;3.019622787416003;-6.144983190822898;-7.9967858816590205;17.496666999540693;32.61105889522059
1779115668.359295;-2.7574077770481145;2.688976329903798;-5.551917632182986;-7.898080670193478;15.846818822038697;30.62580279129713
1779115668.374964;-2.695575674991415;2.468023995796535;-5.143714893189521;-7.769858496581063;14.863575769233465;29.146862980104316
1779115668.40792;-2.4269812853315456;2.006895709256394;-4.108312509708617;-7.057161611209393;13.071799590306254;25.25661403422794
1779115668.424916;-2.220848121177584;1.7680480750759113;-3.4737123329795287;-6.594679753819746;12.072405547767428;23.267868834888784
1779115668.454757;-1.4527587733352494;1.0818149493015907;-2.505841553669423;-6.61027802853213;9.551977452632377;17.975396784640367
1779115668.486197;0.02344013953778501;0.3160179965938007;-1.7563926451868812;-7.398030584898159;5.797154201214744;10.681824814636045
1779115668.508516;1.213504418388817;-0.03527825646914415;-1.4023938256499937;-7.8466009881483645;2.964155629469678;5.461124323307984
1779115668.535382;2.355192274987182;-0.2627352207157135;-1.1581613908175155;-7.9804941566809875;0.3598709048530873;0.19358796287481694
1779115668.558919;2.8957645629112285;-0.3210228816756853;-1.122113719019602;-7.634812081270219;-0.7934606953952671;-3.047909601519479
1779115668.586447;3.4649625688202628;-0.26215423553687683;-1.2139999830621417;-6.399507812731276;-3.1249439228079163;-6.24914863278979
1779115668.613868;3.5587483669454905;-0.3009849033080622;-0.7256403378276906;-5.55197613193514;-4.611377239999457;-7.496612069941675
1779115668.634016;3.535703471585469;-0.33611652171032647;-0.6746190725365877;-5.160621946549325;-5.884511495196607;-7.758513827629505
1779115668.667185;3.3905772793785887;-0.37558267136255397;-0.8258804443153074;-4.891098723175792;-7.265709351132253;-7.647045723617913
1779115668.686562;3.2665892607761524;-0.40389584021423325;-0.8365525015850426;-4.852375526278208;-7.491558466615472;-7.429885664000611
1779115668.716751;3.0589691157284187;-0.5072201806041512;-0.5998332421219512;-4.762004872820224;-7.451430005498786;-6.80817501108112
1779115668.75563;2.87667316655437;-0.5078454362888395;-0.6996621976604829;-4.730491993077256;-7.024052947743077;-6.196480573615863
1779115668.772208;2.848728455540105;-0.5039611738025693;-0.6708952670944772;-4.739064996377611;-6.847179358155773;-5.905941019780579
1779115668.79173;2.7895630151911384;-0.4984188965009416;-0.6794434756136759;-4.742618054838378;-6.68921144879179;-5.687443197826701
1779115668.803369;2.7514572617063773;-0.49501016787761787;-0.6891137202651021;-4.744031071091493;-6.600454517568883;-5.570502786073298
1779115668.83505;2.724855904501727;-0.4396100687699176;-0.45921738768706205;-4.688898465984641;-6.276347611745473;-5.3209175452003485
1779115668.850734;2.6784437673658488;-0.4542266172015749;-0.5469860656778505;-4.770293269407605;-6.027161530627932;-5.197651914735157
1779115668.882401;2.6260713211571924;-0.483206575681471;-0.5674486569531667;-4.777172912382361;-5.494841577549439;-5.002343230024578
1779115668.898189;2.6415493482715195;-0.48355047995186606;-0.397282624823257;-4.631607998612867;-5.234174739770958;-4.9449885178949895
1779115668.929842;2.625439395731797;-0.47173594417585724;-0.5343207373792696;-4.606232379828811;-4.996801750419473;-4.865712155963485
1779115668.948579;2.6366657269633844;-0.4827210044740456;-0.3647094461978795;-4.565905633479091;-4.860580025592106;-4.72239366257055
1779115668.986675;2.55630843291299;-0.4847841581598353;-0.38510523592085044;-4.525729329376844;-4.493284440391667;-4.5240566534268165
1779115669.010707;2.531351186275004;-0.48765359049936485;-0.3403564992377182;-4.523962761543536;-4.275304289995513;-4.361083516495811
1779115669.041164;2.530085988406055;-0.48850695596116783;-0.26747545730188893;-4.542377857273673;-4.1636909532071495;-4.255025543955958
1779115669.073104;2.5145048904536607;-0.4737833963157783;-0.34123093582120867;-4.563162171625971;-4.165805091489421;-4.183084538027536
1779115669.09786;2.4967400958168118;-0.4610222584417894;-0.3970458671896232;-4.5687754450293605;-4.213969823608087;-4.118256665251877
1779115669.120909;2.4818355867830357;-0.45370473634568437;-0.4101603059185663;-4.600540108754388;-4.2919034295491185;-4.082736368654531
1779115669.136939;2.4639583468540036;-0.4492704878087256;-0.473749546811579;-4.731397843009401;-4.297104183915272;-4.02496079575042
1779115669.15768;2.4256930656333;-0.44749317641170583;-0.5206944587556831;-4.889271819669612;-4.300784878061725;-3.923758010957394
1779115669.168685;2.3942607002728997;-0.44946226285155527;-0.5196209535118007;-4.964625170810029;-4.300496076994082;-3.850611900195812
1779115669.223838;2.3683910605123035;-0.43886287728744316;-0.3201975451501866;-4.9729516795972035;-4.124701611685224;-3.6837951780394436
1779115669.250337;2.347077445432614;-0.40389323590087295;-0.21036247354197882;-4.8751231205688645;-3.8434318696560146;-3.4696652685763514
1779115669.28823;2.2182621581028545;-0.4238385087309434;-0.3399650689857938;-5.023676401762804;-3.32218849705197;-3.0356193236597497
1779115669.319964;2.153369967645096;-0.43171220620393097;-0.24800309647427443;-4.968188644992798;-2.7335638089306533;-2.7456704399140155
1779115669.359225;2.113327176275466;-0.4389538981600771;-0.14905095715970967;-5.035535520281458;-2.1859622388647626;-2.4694122877077125
1779115669.393292;2.1089502005491605;-0.4386609707411252;0.10971683526587975;-4.8748690529959235;-2.0374340872197694;-2.4191960875157488
1779115669.423216;2.104713987021217;-0.4255926713324483;-0.00025671343822289416;-4.883608614068935;-1.8910035489562695;-2.40616009192704
1779115669.442884;2.09794572238059;-0.40941103783896626;-0.1962935701765159;-4.9824003564015635;-1.7429251028033401;-2.397202710440431
1779115669.461229;2.091389277281101;-0.39363441940240895;-0.39008640267839806;-5.091270469149178;-1.602233145953867;-2.388274344536366
1779115669.475834;2.0914189119082627;-0.39528804872787066;-0.3901798138496355;-5.1060344232712644;-1.6022776235893728;-2.372665007002507
1779115669.492518;2.091454922043639;-0.3972151689029867;-0.39029861488552686;-5.122900944870901;-1.60232716716083;-2.3554741014955565
1779115669.507158;2.0915183143763185;-0.39946744158115627;-0.39058112419420987;-5.13771090524311;-1.6023519728562265;-2.349835126784942
1779115669.51806;2.0915655202684142;-0.40114462455456207;-0.3907914982785489;-5.148739327162817;-1.6023704447270464;-2.345635993854113
1779115669.533663;2.09171599008964;-0.40269467782745355;-0.3871315343890727;-5.153437941506588;-1.6031563633766226;-2.3425593106236606
1779115669.551626;2.0919242988956293;-0.4041193457206623;-0.38124195389026816;-5.154156508936401;-1.6043825121070492;-2.340258445175688
1779115669.581036;2.096683060174331;-0.4175715302476268;-0.22699554973918265;-5.047970284906483;-1.644788152070091;-2.3325338839781966
1779115669.60846;2.097726331831388;-0.42161397882323487;-0.17941825496998054;-5.031507676649824;-1.65610414081091;-2.3235088015762715
1779115669.631685;2.0990664729570283;-0.42489918158970097;-0.12744899855736858;-5.008216261174798;-1.6828690739998404;-2.3163258674914955
1779115669.661176;2.100081607175066;-0.425671130710489;-0.08588181301857487;-4.986374656246542;-1.7200620397544488;-2.309367576959973
1779115669.692754;2.1005545765638143;-0.4226410466802367;-0.07433502684085197;-4.984817804636531;-1.8256037583297322;-2.3064523054691572
1779115669.708421;2.1011799639816555;-0.4214324694314048;-0.06365394548564852;-4.985064660519605;-1.9209016951710784;-2.3064199380019703
1779115669.740972;2.101697586484937;-0.41104206508683366;-0.06274535254037589;-4.995743069785633;-1.9247114297821073;-2.3050639169473777
1779115669.75581;2.100999491243854;-0.40990045041813017;-0.07341540993850236;-5.20162991334316;-1.9246963914128172;-2.2902571963842497
1779115669.78289;2.0791373946411364;-0.3921162387160793;-0.2756230844985945;-5.458580479541056;-1.9395992075511588;-2.1409594036658155
1779115669.806767;2.0698952317451;-0.3904888284742799;-0.3039072711073069;-5.510769885636398;-1.958419102592193;-2.1066956410019166
1779115669.85099;2.0029803674781648;-0.3667860682271514;-0.6425285294016811;-5.836348184726538;-2.2115275860347623;-1.948737551754684
1779115669.882749;2.0009309819086956;-0.37404554023530123;-0.6256123113340563;-5.984555319205266;-2.433636425408887;-1.877083755339919
1779115669.898819;1.9644494098506198;-0.40732915912707085;-0.6694169498455664;-5.977202416237803;-2.3855080243924762;-1.8389054565517375
1779115669.898819;1.9644494098506198;-0.40732915912707085;-0.6694169498455664;-5.977202416237803;-2.3855080243924762;-1.8389054565517375
1779115669.930465;1.925119409798785;-0.43763030072391407;-0.6234853682375308;-5.693808771652292;-2.282533887154925;-1.768823225588565
1779115669.961797;1.8921915468747421;-0.4391860754879725;-0.454615730427961;-5.413570491099621;-2.2161209392266104;-1.6399411347578612
1779115670.009225;1.8610105421850731;-0.35204692471674365;-0.4664065862717786;-5.758026564368148;-2.5283337719780326;-1.5210934913082224
1779115670.040196;1.745464502923409;-0.39663877749663706;-0.7531771888566389;-7.157200146117947;-2.5964138326000654;-1.2508634025947765
1779115670.058439;1.7403996519668261;-0.36997485424167253;-0.9511766157924244;-7.536879752589419;-2.7480762393575504;-1.2608206966734996
1779115670.072055;1.7370733845537787;-0.34979264213848804;-1.095844922604506;-7.817708160389586;-2.860787488264602;-1.267807855351591
1779115670.107357;1.7814297225769375;-0.2754579946952069;-1.039413336365038;-8.18416354482586;-3.0587108461355803;-1.198934999081339
1779115670.119505;1.7627075729917778;-0.30375374908971375;-1.0452477423208288;-8.30758095023834;-3.0484234395942433;-1.101728657277277
1779115670.154543;1.7241830571743857;-0.3699249860947525;-0.8324189716042757;-7.548369079113468;-2.7311263880774312;-0.833358116486538
1779115670.17772;1.6812463365012453;-0.40210031894812853;-0.5198267125417206;-6.358761273287974;-2.2110605710251603;-0.7471214650549781
1779115670.198955;1.6207597507796532;-0.42642358427432875;-0.2011235214247014;-5.211708414564927;-1.6080803222425784;-0.7500702239833785
1779115670.198955;1.6207597507796532;-0.42642358427432875;-0.2011235214247014;-5.211708414564927;-1.6080803222425784;-0.7500702239833785
1779115670.230583;1.618431383067978;-0.4224111191367522;-0.09673987215213915;-4.370272059428838;-1.3340486653091754;-0.6692024856077332
1779115670.255068;1.5524192781142367;-0.362779943035627;-0.06869056834793291;-4.3493858815641655;-0.8561058774214998;-0.46804990572056904
1779115670.277392;1.5929959568093617;-0.40287089541232496;-0.20641911738292254;-5.403823068766121;-0.6581543412143693;-0.41251468145195996
1779115670.293653;1.6365238119367302;-0.4370462341842744;-0.32871019943209295;-6.186300340606013;-0.5800857623266196;-0.39733584883444745
1779115670.325354;1.6853611367450292;-0.4151541006395382;-0.5119966210910225;-6.3707075414188115;-0.569599634753177;-0.3802648726003383
1779115670.363372;1.6764468503676841;-0.39024149961486393;-0.5481247134479907;-6.146104770065874;-0.44130778871417836;-0.3182332383044544
1779115670.390385;1.6486327330410167;-0.39894956267568593;-0.3080666811379137;-6.041567685914867;-0.5797152736665191;-0.2782296489933762
1779115670.420338;1.6067698208081491;-0.3635735113873917;-0.18377578375072612;-5.693697013905005;-0.6694523421998427;-0.2506769346216628
1779115670.452762;1.680101401994766;-0.37129640019572474;-0.38031086984017787;-5.8987576229802015;-1.0033116707448309;-0.3184834856818614
1779115670.468448;1.680167352250658;-0.3803718676322447;-0.3794327162838556;-5.964405673155555;-1.0567797862452437;-0.32854465507762387
1779115670.49062;1.6696898383610324;-0.39890532473741885;-0.32134917774273514;-5.89643924360185;-1.109433605606514;-0.3389218330736674
1779115670.500616;1.6614698535191292;-0.40914812853538135;-0.2763620237961032;-5.812626412435562;-1.1255909019490415;-0.3423289254203083
1779115670.533803;1.648641470806854;-0.4160648693133677;-0.24865839723182653;-5.739663972880754;-1.1374584577722464;-0.346377760867118
1779115670.56338;1.6402320989314;-0.4147631701647887;-0.2605250996708883;-5.7388053109019;-1.1267752835708884;-0.3466363457299801
1779115670.57909;1.6313118453647846;-0.41060666579128935;-0.25168419389477636;-5.7369840661136;-1.0921779037382313;-0.3440247573915253
1779115670.610879;1.6133252285702817;-0.39450307319165423;-0.26935555604698447;-5.757873293964528;-1.0002599592441923;-0.3361854259731492
1779115670.626698;1.6146293330872412;-0.3850344286286902;-0.3590087755880128;-5.804426475636459;-0.9922130035363234;-0.33515049887263315
1779115670.658532;1.6071324421856592;-0.3819451399810921;-0.3960009707051402;-5.822343651567343;-0.7986823767532363;-0.32310447393502834
1779115670.674211;1.6081862029813299;-0.38229525122828417;-0.39598284691963537;-5.821741534209067;-0.7496941351555528;-0.3266077843447636
1779115670.706218;1.6184614518971276;-0.38250294090281295;-0.3969390338508927;-5.820103222921645;-0.7491656407974612;-0.3466561862425324
1779115670.722355;1.623109294750913;-0.3824617457817448;-0.39713345840705044;-5.817854483495957;-0.7492080501667507;-0.3543235590502446
1779115670.757083;1.7123330688818104;-0.37730545920291;-0.4429237966135231;-6.078204787484758;-0.7810263474970848;-0.4301320029863332
1779115670.786051;1.7146001353857478;-0.37802635067099866;-0.4382385144546901;-5.985346086764576;-0.9917517826352026;-0.43739395553920746
1779115670.802192;1.6803290125732426;-0.3865659667335926;-0.35222265201694414;-5.786308112769033;-1.005654541476487;-0.43802332832188073
1779115670.834091;1.6316352046321805;-0.3992860263259313;-0.2233154023091462;-5.5144450817110515;-1.051844759247411;-0.438222439165727
1779115670.857597;1.6318280722982694;-0.40466525458506314;-0.24517034819092937;-5.520067754757007;-1.1775302813175879;-0.4384222374788061
1779115670.881716;1.630166539489012;-0.42306477438372836;-0.3661259933983954;-5.5571036910493135;-1.3607682745310654;-0.43837112891257063
1779115670.897721;1.6399540521138412;-0.42384952083035476;-0.3565046006056665;-5.553361437557326;-1.3639341279077777;-0.4385504795277586
1779115670.929714;1.6521829328552433;-0.4306105771428526;-0.2582326931288494;-5.551758823408753;-1.199947475972692;-0.44124253759571286
1779115670.961327;1.6514681122757022;-0.4215063680433757;-0.31694684026638353;-5.637100974192383;-0.973338777552519;-0.4436715141116641
1779115670.983998;1.6519409504521136;-0.41287137333042373;-0.3888275766451807;-5.706645373321404;-0.8072341824805422;-0.44392834025166145
1779115671.008846;1.6602056253615305;-0.4223308967122466;-0.26556993957617603;-5.704013740139897;-0.5215898560857134;-0.44440419144322374
1779115671.02455;1.6608483396148404;-0.41961633455038977;-0.2695192770241469;-5.704128425625443;-0.46048729762273005;-0.4449790190035277
1779115671.061959;1.660223089182798;-0.4003288089919632;-0.43253002294880394;-5.717285330804705;-0.2454519777165345;-0.44401988859440944
1779115671.092337;1.7315420919407758;-0.3876927629243003;-0.47454465984268196;-5.720567697494822;-0.18923840850133689;-0.45969444503803464
1779115671.103726;1.7590581244587187;-0.38654996627525656;-0.44984771602180074;-5.719540714298107;-0.1782542012138872;-0.4695500931810162
1779115671.13539;1.754687771855738;-0.4010564196930823;-0.2538274873435466;-5.713980595878123;-0.06227290925615455;-0.5070160802793218
1779115671.166984;1.7420403488710172;-0.3879302324087353;-0.36619681421566214;-5.730410875283207;-0.028507717775931793;-0.5074059219249117
1779115671.193043;1.7421642187114512;-0.3884144526376034;-0.3604271384346209;-5.846065060177756;0.04625299398923804;-0.5081651634306056
1779115671.2144;1.7540254592036628;-0.3952327377568889;-0.4360445656988859;-5.824562097143562;0.14473357773832998;-0.5078741297107098
1779115671.245267;1.9023753395986052;-0.3571522664005304;-0.47053246977436197;-5.817648644779556;1.2497021531842993;-0.4647015146635134
1779115671.265498;2.1441932738461222;-0.3335875459083222;-0.7432122984032974;-6.232710248951655;3.418654938830607;-0.5844140665099621
1779115671.293415;2.8084898397628755;-0.27761249300473384;-2.0205540521820264;-7.940102170733473;9.479540501000939;-1.2994083295936534
1779115671.315153;3.9524999516455006;0.0019003434242116368;-4.529815234903186;-10.86227298876706;18.621517775262966;-2.84320109226114
1779115671.341256;5.742225443179382;0.5435270232126456;-6.537767910891285;-13.314772237022371;27.965137030875628;-5.079759879974798
1779115671.373322;7.510016371653222;1.0674121764592683;-7.26414638199666;-13.962396763476264;40.152327413345944;-7.121010151818225
1779115671.398003;8.148822673981428;1.2222020515546705;-6.959336590505294;-13.079015068870817;48.97645763192189;-7.612379496739848
1779115671.414272;8.33667530570763;1.246817087544629;-6.62160834372151;-12.231775399395387;54.276222767857504;-7.583655613644559
1779115671.437388;8.502931780872705;1.2178492555044347;-5.947605184480269;-11.965608343913267;58.070824173032456;-6.7579306049035095
1779115671.460929;8.566780706104542;1.2113127368712564;-5.725365189394555;-11.937145859811809;59.209418454359465;-6.3300619189316505
1779115671.488487;8.571218827505433;1.2226878017443232;-5.802216855032717;-12.034969973993222;58.774329261694625;-6.15559268033665
1779115671.500584;8.573166982606253;1.2276809933794521;-5.835951615958678;-12.077910788317814;58.58334277136761;-6.079007768297812
1779115671.539067;8.579364540941688;1.2435655584357448;-5.943270149622982;-12.214516031727731;57.97576798710959;-5.835372413096802
1779115671.566291;8.583748869026007;1.2548027491024807;-6.019190316186343;-12.31115444523374;57.54595239752229;-5.6630178708194805
1779115671.596766;8.58865673163671;1.2673817776017087;-6.1041761429102435;-12.419332493792682;57.064812341152525;-5.470082397570312
1779115671.621974;8.592716380003019;1.2777868024663503;-6.1744740709464665;-12.508814387019438;56.66682657856284;-5.310491504159726
1779115671.649582;8.597162526245569;1.2891824352973922;-6.2514646968320475;-12.606815383028946;56.230950674232616;-5.135706796949168
1779115671.675442;8.601327188688124;1.2998566150187898;-6.323581075952911;-12.69861197386258;55.822669904921256;-4.971987641990507
1779115671.69537;8.604536511009599;1.3080822236283256;-6.379154536815294;-12.769351163907647;55.5080454654973;-4.8458243464752275
1779115671.712625;8.607315371609378;1.3152045433533677;-6.427274010434565;-12.830602209575858;55.23562114320558;-4.7365831497590225
1779115671.736526;8.611164531066727;1.3250700775691118;-6.493927057722708;-12.915444551694423;54.85827056410702;-4.585266892475144
1779115671.75442;8.61404629394232;1.33245613953039;-6.543828413940457;-12.978963747120012;54.57575826447926;-4.47198045226759
1779115671.782104;8.618504688627402;1.3438831655604466;-6.621031137045782;-13.077234720656612;54.13868158971239;-4.296714240328025
1779115671.802722;8.41684211971078;1.3558106201574878;-7.01041554429765;-13.389491886842967;50.81089671764402;-3.969220638562914
1779115671.833142;7.868186342735634;1.3403843083604874;-7.688634562529995;-13.846012098605957;43.92470181181071;-3.3572197230685603
1779115671.86063;7.023403149449784;1.2127371659675519;-7.90836494405265;-13.694170162722454;37.66621086731418;-2.749273284843211
1779115671.882449;5.89645230192792;0.9816427302487928;-7.731600069146607;-12.97627651025742;31.549511947830545;-2.0886518977298407
1779115671.910629;4.088644482206767;0.5744026593100788;-6.308938357149558;-11.349208940166449;23.819346941686256;-1.5384158691215868
1779115671.932916;2.7990591531215028;0.26978266965775194;-4.725482136882686;-9.683377183777054;17.92481270649845;-1.3054184618600244
1779115671.959505;1.6277930537963794;0.01942639903199704;-2.984060237109662;-7.624861753994816;11.73261800784994;-1.3176116405754523
1779115671.981097;1.000306396835336;-0.0855351048538103;-1.845605209131517;-6.050391194008564;7.582856538807199;-1.5496217894174977
1779115672.007291;0.6478684332470818;-0.13194720571022522;-0.8342247084020915;-4.572815931475082;4.1281120734875;-2.048565525230384
1779115672.027151;0.5961239218270452;-0.15658178792261268;-0.5419783318239926;-3.786608830557555;1.19781535860233;-2.4873823209394548
1779115672.055113;0.5887108857346338;-0.2056134296516237;-0.5247483629534784;-3.053293235836904;-2.208375101312105;-3.3056410229837443
1779115672.086653;0.7151651496695997;-0.23280312895937677;-0.6563666331921937;-2.5405303327797806;-4.4327246788366;-4.150015659770165
1779115672.10276;0.8210896575090563;-0.22705509176920197;-0.6397319382392461;-2.279480642941315;-5.118662163112502;-4.457589944804432
1779115672.130576;0.8940820607790918;-0.24432039490171736;-0.6970419574389749;-2.27703809933924;-5.131270575009886;-4.859284885188621
1779115672.156434;0.9579845061616801;-0.21548678582433808;-0.45633761125080724;-2.2195953194046427;-4.426589743216059;-4.972545265796723
1779115672.182255;1.0179130373090604;-0.18306646078673147;-0.2946641706663507;-2.219316937977442;-3.0542997616226826;-5.001727821144875
1779115672.198391;1.0552746033385803;-0.1645626937315538;-0.283930121479986;-2.302451708354442;-2.1045157722822;-5.00470108439238
1779115672.230114;1.1235452309228438;-0.13090458063424368;-0.6368563792053277;-2.876591265892107;-0.6093950237590879;-4.960155053194946
1779115672.246096;1.121881455640092;-0.09090640338193032;-0.6372906126866978;-2.975098067666873;0.37005744142548325;-4.791747842038531
1779115672.282502;1.1192551588546213;-0.0548238866063919;-0.5017285394152897;-3.2437910318892027;2.241468262672611;-4.459702825540302
1779115672.29773;1.1359173380785945;-0.044817437420629366;-0.5941243108252586;-3.38299364809998;2.786968072695858;-4.32466023444134
1779115672.326;1.1730256776077528;-0.027958544446326356;-0.8419577963355052;-3.5276931817872317;3.557707848621824;-4.051398975046097
1779115672.357783;1.1459081011491177;-0.035097580606387575;-0.7758618096610307;-3.549046658112409;4.14497241566826;-3.7706449298980993
1779115672.382887;1.0577634828977969;-0.08210636254043055;-0.6422296261166408;-3.379141286796204;4.222003578739222;-3.5871828676238504
1779115672.405424;0.9561955338767911;-0.11351235092352047;-0.428305966056275;-2.960149786881187;3.852029916085021;-3.5022056398692727
1779115672.421245;0.8970242484670741;-0.0882069677334546;-0.24605063629414214;-2.53410294282307;3.1990163162061;-3.55948762570584
1779115672.452689;0.8809219638122819;-0.14269055892537993;-0.1145539703369228;-2.09334307008259;1.13489024380885;-3.922497646734173
1779115672.483558;0.9894382761383632;-0.26942653927211535;-0.23369866316476773;-1.2278159822695383;-4.2842648391569;-4.974409819130761
1779115672.510688;0.9299983869248719;-0.5639230330048433;-1.6655113663354282;-0.9877506999956247;-13.105519040727676;-6.0301191552986495
1779115672.535779;0.4170491590929122;-1.0452952690647557;-3.40733123207018;-1.507119184882734;-23.13830674142406;-6.804788656790599
1779115672.554743;-0.2385946462638122;-1.5065343072627009;-4.630048973572005;-2.1680012443877916;-31.217116181759216;-7.248015429126589
1779115672.583919;-1.0373833427629215;-2.0710554233746565;-4.74414541276546;-0.7769010882307545;-43.98555253003767;-7.700816146626973
1779115672.599056;-1.1317306088404355;-2.2306338340761216;-4.538446117819304;0.27099397395820357;-48.409291207778224;-8.197869357647837
1779115672.628637;-1.1946901301163346;-2.549209593221114;-4.020605177223922;2.2712749561246346;-56.132681416399414;-9.695332996952082
1779115672.65768;-1.1577381031687133;-2.850582035814209;-3.501526962712484;3.8441229885379067;-61.86081275130067;-11.610652400903993
1779115672.684381;-1.1272970557809456;-2.9992435487485682;-3.237138459371738;4.632246106865988;-64.46079003434745;-12.687909896865083
1779115672.716394;-1.1463056841036892;-2.98488387981729;-3.211264830018529;4.631704480083274;-64.1315746312946;-12.551595874723098
1779115672.734451;-1.1570276252625282;-2.9767842146164423;-3.1966706401179987;4.631398971953192;-63.945878529493676;-12.474707058775115
1779115672.756212;-1.1699488264383018;-2.967023164638073;-3.179082923406204;4.63103079869509;-63.72209286854098;-12.382046984977576
1779115672.785023;-1.1870561955381662;-2.9540997620448777;-3.155797196536116;4.630543345885295;-63.42580587098592;-12.259367207632472
1779115672.803745;-1.1981729700531192;-2.945701828279852;-3.140665578487751;4.63022658747893;-63.23327154707529;-12.179646976290707
1779115672.835494;-1.2170248825188468;-2.9314605470504547;-3.115005263211148;4.629689426116023;-62.906770346917895;-12.044456789516568
1779115672.851396;-1.2264671898641635;-2.924327554331359;-3.1021528492261;4.629420379530336;-62.74323655764821;-11.976744439593828
1779115672.885333;-1.2466182725375128;-2.9091048422617094;-3.074724166035305;4.628846199958235;-62.39423468904307;-11.832237688076502
1779115672.914735;-1.2640765888908039;-2.8959163239386476;-3.0509607466666573;4.6283487473510565;-62.09186954426321;-11.707041209848937
1779115672.939626;-1.2788562957313547;-2.884751304899493;-3.0308433215558743;4.62792761832851;-61.83589593786189;-11.601053484101028
1779115672.962649;-1.2925269582865715;-2.8744240900667815;-3.012235474110972;4.6275380901178655;-61.59913015935854;-11.503018898616617
1779115672.985849;-1.3063025227840186;-2.8640176292656028;-2.993484839194737;4.627145572859274;-61.36054755669481;-11.404232043929339
1779115673.010309;-1.458777625688324;-2.688887076401568;-3.3486953668138173;3.284420460417503;-55.913908049886714;-10.185001773544052
1779115673.039728;-1.5288649840247275;-2.4186500785099407;-3.711171656798738;1.0960737242273628;-47.1320778995549;-7.937144529940158
1779115673.057902;-1.450105740089701;-2.200965024872421;-3.8779198924728164;-0.2748971898434327;-41.24149997350951;-6.419887677450577
1779115673.089604;-0.9672985986426413;-1.6563046209435122;-3.9569822625591113;-2.161482138930498;-30.97441745864745;-4.136263690494473
1779115673.105263;-0.5729809837336585;-1.4187760504679177;-3.452570214401094;-2.6493467136510795;-26.73503769206495;-3.2283666925184216
1779115673.137195;0.42434498909517404;-0.8974227084858379;-1.7540387181007027;-3.4913904673077343;-16.698164183170313;-0.8218571467373446
1779115673.163316;0.9603676237924151;-0.5178694699671983;-0.23875447449171627;-3.7177611998676827;-7.691389926620183;0.9299513588154674
1779115673.187028;1.2230070050214743;-0.29665965582171117;0.2746606235131259;-3.816563416519895;-0.47234300669854434;2.0711240655449283
1779115673.201247;1.3321531345313655;-0.2407515352416654;-0.06600593240850705;-3.9416835083122437;2.981875124216838;2.5529159692126457
1779115673.231767;1.9227130536241057;-0.13205016957098484;-1.4317858637316179;-4.937428295965045;10.4232881873395;3.1527311331532233
1779115673.260477;2.6256301331513976;-0.162915124670488;-2.686733855256177;-5.838076412346384;14.715530563786912;3.513895462729111
1779115673.279259;2.943763487931172;-0.1758605544835189;-3.2275978797481804;-6.188837598300437;16.60287074388668;3.687545237962114
1779115673.310953;3.1582428895936725;-0.15802708073642455;-3.6186065171029442;-6.372266538562963;18.389345316304368;3.867930180771216
1779115673.326656;3.196270281064341;-0.16174725698526984;-3.705638176650571;-6.393435983629718;18.581332950609543;3.9191486536759284
1779115673.357799;3.0615284845197914;-0.18706860829812277;-3.550808173458356;-6.482409599248023;17.888262954032367;4.154593821086821
1779115673.376482;2.870940560910388;-0.17024633063306277;-3.275245381992403;-6.322408615746111;16.881421025596794;4.204884645914549
1779115673.405805;2.46360713437442;-0.13319017751552867;-2.587856702333785;-5.910621372512042;14.712161592527433;4.1902918024466995
1779115673.426398;2.1145610596809234;-0.12388022279153929;-1.906995624906622;-5.61053442335558;12.847592604146865;4.1553717913768535
1779115673.459716;1.8216630760909382;-0.16038667572328869;-1.2655536545666721;-5.333150274631187;10.129343939280204;3.8429460889769955
1779115673.484936;1.5726456518329903;-0.13484081384961935;-0.7616150470077644;-4.648304346165311;7.846419031870243;3.4788864096363827
1779115673.509479;1.3280948149700058;-0.13496699565766807;-0.18124455845587528;-3.9616042708541324;5.688771217261359;3.149478327373146
1779115673.532788;1.2212798240608067;-0.1255873816122269;0.2740924617644;-3.4451788380404227;3.6624492844141243;2.828112549084839
1779115673.559117;1.1902095120371372;-0.1276747103036167;0.5511101399238016;-3.0355950923858916;1.758063244714612;2.5000019575219286
1779115673.580505;1.1295603188979306;-0.17353576759174213;0.532847445928295;-2.7941078425978727;0.8698065716748953;2.3150880677124235
1779115673.612606;1.12964900810565;-0.181337871892359;0.463119316320356;-2.3267161998666444;-0.46259575175254286;2.04154197311971
1779115673.628958;1.1114722148189664;-0.18572262320302613;0.3478592756761643;-1.8967725447614563;-0.7346090747237695;1.7695889432327725
1779115673.660047;1.0844387916739102;-0.19394384591933855;0.2595858213375234;-1.2690408394631323;-1.0950745509529662;1.4055691083113373
1779115673.675351;1.0754317662749315;-0.19786624447396958;0.281672105750082;-1.057495610635116;-1.2104277400039152;1.3043551317444593
1779115673.710788;1.128864948392434;-0.18302718210324725;0.4407324772337574;-0.28578003934631874;-1.096361120626014;0.964700452707497
1779115673.72295;1.049085626776534;-0.13940754774684772;0.34101404680545455;-0.09144159963295956;-0.7949319356591591;0.9719592614735212
1779115673.76275;1.0264692887116484;-0.15844617641899397;0.14310385719571453;-0.45372778951459986;-0.5206503769590058;1.0263824688219738
1779115673.779123;1.0119988933973374;-0.17439067756111035;0.12112185189997732;-0.6133593921577742;-0.3151546392276203;1.084286933635814
1779115673.81131;0.949760443884387;-0.16362187101286144;0.05576149908277284;-0.7008447540892493;0.17803301404892433;1.1902360463210673
1779115673.834811;0.9599971526885929;-0.14838892409208887;-0.07437485721513873;-0.8848466363575493;0.2388715140123342;1.206599637679586
1779115673.862201;1.0100912714322967;-0.17139533307424595;-0.2355423556568041;-1.7308152577504536;0.2798260406670208;1.205852998868078
1779115673.882389;1.017734377968758;-0.1759753652590469;-0.33804532361709416;-1.9367399316298792;0.1960510624220818;1.2050259457610688
1779115673.914076;1.0221199363445679;-0.17959230436912968;-0.36172772271671405;-1.9577838030643584;0.15746454127457915;1.2022439201966688
1779115673.929359;1.0231949368908446;-0.1810654465990721;-0.31989629592169;-1.8810318505547798;0.18046023659538535;1.2006877057459444
1779115673.963502;1.022846124418701;-0.17334628396357382;-0.14469910191802232;-1.5585151993843716;0.22961716667334628;1.1941845952787786
1779115673.987403;1.026085236951014;-0.12849757746247006;0.027726994736441996;-1.1750761966306842;0.20738452782553435;1.170890182642283
1779115674.012159;1.026462014542921;-0.1355538827085381;-0.1245083301647418;-1.3590717300852082;0.16995408960413963;1.1604707850358886
1779115674.023481;1.0168066801319198;-0.14740172805257395;-0.17273179036032937;-1.46682314076418;0.12766791030467653;1.161803595364832
1779115674.055274;0.9562683298573399;-0.219085524698421;-0.19477081396748797;-1.8385911675840947;-0.12213775184066039;1.1915112510099373
1779115674.086795;0.9628849705283736;-0.2884223668683076;-0.24065278125038825;-2.060389574256246;-0.3661371788245433;1.2102823435038044
1779115674.112841;0.9615831440161201;-0.3501222682056489;-0.2865183749805649;-2.0389507044335877;-0.36439035948126025;1.2361137779619669
1779115674.13419;0.9619797177677185;-0.3583410764989605;-0.17509055065632867;-1.541441413153371;-0.30354703653938164;1.2419624522663362
1779115674.154107;0.9632285532477733;-0.35852263613081153;-0.03849548808997892;-1.2119706543000117;-0.2630696450713211;1.2442942134532389
1779115674.181707;0.9661409953789869;-0.35237508575782495;0.08890878128485413;-1.0828062472930757;-0.2350758208997441;1.2434914219727153
1779115674.199363;0.9683955887813308;-0.3513039443961934;0.00626302415593552;-1.3073045380370323;-0.23489179292158965;1.2418696894968855
1779115674.229097;0.989672254103354;-0.39581616916828694;-0.2718208480802774;-1.8598503471475607;-0.48093390555924953;1.235554572493443
1779115674.2608;0.9998646720010237;-0.37483145406758345;-0.3438663234747951;-2.113378731748058;-0.5471629991573325;1.232423864845479
1779115674.276583;1.0061379868556253;-0.3603546670243496;-0.38963032743069337;-2.229183906992107;-0.5764923122491065;1.2283889834753188
1779115674.308143;1.022102455559931;-0.352921858632631;-0.5111244386392266;-2.484797600844452;-0.6729748389992825;1.2158885347832151
1779115674.323836;1.024698833049897;-0.3542044154766102;-0.481696452822008;-2.514715424469639;-0.6734660607324314;1.2117204533042807
1779115674.35553;1.0257158760738332;-0.35463476450963216;-0.4685966120417784;-2.491108393597697;-0.6574368997191724;1.2095579926090676
1779115674.387083;1.0218287791265588;-0.3578466023256496;-0.37838331984140433;-2.394552439664422;-0.5555927126277027;1.2096192638518446
1779115674.402795;1.019161220462233;-0.3586504943552746;-0.35582756190139503;-2.367196106402627;-0.5126519383061807;1.2096690341206369
1779115674.436689;1.0136205662936943;-0.35947757908693545;-0.31934761284023727;-2.3069256532839844;-0.45008538349075417;1.2097277448302748
1779115674.461869;1.0127497907578642;-0.35767220197170263;-0.2926398991086482;-2.2579929174854416;-0.4415057736357264;1.2093681873479043
1779115674.485422;1.0177372684429964;-0.3508038084256037;-0.29891810919392015;-2.254454145356903;-0.47597673593608547;1.208181841494896
1779115674.510679;1.0227219964019658;-0.34682191786088923;-0.37713969965488525;-2.4405096525982497;-0.4774876245967474;1.1999597469151269
1779115674.535686;1.0365285026913778;-0.3443813654104746;-0.4300748738910728;-2.536147540317584;-0.4838046822369155;1.174870512523782
1779115674.562476;1.0480205597352856;-0.34061117737798613;-0.49104085474347303;-2.5889699469892857;-0.485254122376808;1.1479236481764141
1779115674.586453;1.0513527129584723;-0.3330921275751072;-0.5427730849955255;-2.618960394838109;-0.4730021000837735;1.1332265105530959
1779115674.609286;1.0514037468357502;-0.31818746831325884;-0.547932908238291;-2.633641568798024;-0.44007053557596826;1.130129304307735
1779115674.636163;1.0477395038349966;-0.3161244373545558;-0.5371215472579364;-2.639507555533999;-0.4076847162868956;1.129394665450104
1779115674.661984;1.0454774554170834;-0.3157714836228717;-0.5305703033858828;-2.6418748214482175;-0.41196210504917075;1.1247288085725689
1779115674.685723;1.04512763984235;-0.30889839384307155;-0.4849208507812632;-2.641332237735034;-0.42161618481118374;1.118645486257397
1779115674.70765;1.0459260261537775;-0.2955500876414541;-0.3987064915753722;-2.638345745946733;-0.4218448680578297;1.1127643545468016
1779115674.73537;1.0444443559701362;-0.2891990388535394;-0.3938797250073523;-2.634960482512797;-0.424105878781436;1.1039527544347476
1779115674.751301;1.0432374897095373;-0.28728922616064756;-0.42416749396906545;-2.6393852308725223;-0.42580587833728295;1.1008270672588512
1779115674.783415;1.041163382928853;-0.28251460547588625;-0.5255353127737227;-2.6538213839698517;-0.43219091362958806;1.0906819765572289
1779115674.808091;1.0397059653476262;-0.28000621912323825;-0.5531678068527185;-2.6534051807500285;-0.4443832451568859;1.0808155729415487
1779115674.831072;1.037816867140913;-0.28239384457898736;-0.42754733136883794;-2.6241980428496112;-0.46500513451972825;1.07521126424501
1779115674.859357;1.0353520177548599;-0.2783525134286721;-0.4122800726763177;-2.6093936216284916;-0.4687498024591276;1.061337553640732
1779115674.879235;1.025840287500867;-0.2776520927281371;-0.41448424693327646;-2.6081788510525565;-0.5183552839101364;0.9826104321241697
1779115674.911569;1.0226104669306821;-0.2769590314077398;-0.4350893797793231;-2.588770181619001;-0.602631918798877;0.8951053367460188
1779115674.927641;1.0273877321036382;-0.2766567732721397;-0.4477452973618271;-2.5722410188174583;-0.6413230349300271;0.8733950389047849
1779115674.959392;1.042299560105766;-0.277629317479646;-0.44874565522386706;-2.5484108286489198;-0.7295922967868753;0.8057292301244275
1779115674.976451;1.04406644143771;-0.27790157404794913;-0.4483067212529072;-2.532386437941564;-0.746510254884092;0.789347267217279
1779115675.009187;1.0465371422317107;-0.27898193824094136;-0.44908551209638203;-2.499458203240663;-0.7631116777471216;0.7729461060912769
1779115675.022716;1.0470728989494902;-0.27951917018638495;-0.44961162822336326;-2.4817133836907437;-0.7653563347145386;0.7703091426946491
1779115675.054497;1.0595088920226006;-0.28144604687085706;-0.4503075514511346;-2.428022516379338;-0.7840932012308875;0.7601455608536182
1779115675.085886;1.1302931594531125;-0.28763939255015364;-0.4536664125194445;-2.4512029509911577;-0.8797724802084181;0.7089155546529933
1779115675.109428;1.1212445095910966;-0.28837961714884347;-0.4522335297325694;-2.4726526986405415;-0.8046440621388846;0.7009176049187911
1779115675.133597;1.1060755648261542;-0.2913033094301662;-0.39163003063659213;-2.486587611316678;-0.767014813167864;0.6963134287765831
1779115675.149533;1.0920749472864613;-0.291251637885146;-0.39117913959723144;-2.4926697275993366;-0.7508558267814806;0.6954709701762695
1779115675.181896;1.0658798514144623;-0.2895022150256995;-0.4271766891919171;-2.535541461877039;-0.7254064755339698;0.6946463289943301
1779115675.209709;1.0569109263607954;-0.2871930550476106;-0.47924714901591453;-2.677698374225341;-0.7177455126653144;0.6919053296888308
1779115675.229535;1.0546006403274;-0.28740841030765546;-0.5330696759364965;-2.780877377858664;-0.7150737256435803;0.68828333377461
1779115675.263334;1.048551780477286;-0.29341588001705166;-0.6347104808993173;-2.8113093631693156;-0.7068589989327279;0.6758354157579589
1779115675.277738;1.0485162262216405;-0.2945839047679928;-0.624743800550601;-2.806574162977441;-0.7066400987352722;0.6656985623844259
1779115675.309947;1.0481963858873222;-0.2954253772934688;-0.6145555454870808;-2.804234332920167;-0.7059082849720608;0.6520077546076248
1779115675.32555;1.0481470521500036;-0.29536775981186586;-0.6131826873922188;-2.8204589720102353;-0.705730677549853;0.6439704982390676
1779115675.359193;1.048508896505242;-0.2908497459011922;-0.611590795905505;-2.8857563567220277;-0.7089529700010869;0.6249560560462087
1779115675.378451;1.049006889783187;-0.28360262325805163;-0.6082458537177217;-2.927840478121268;-0.7147175099589725;0.6168218696648767
1779115675.41033;1.053988730592997;-0.23720800752682022;-0.45425245673809633;-2.920545512182999;-0.7857394117236117;0.5761038364723873
1779115675.42279;1.0549482667047891;-0.23613564612828428;-0.3976823018615798;-2.9175360423299495;-0.8378009887076643;0.5708973682258847
1779115675.453244;1.0590657879554923;-0.19994236660370956;-0.32223366143949966;-2.8765460742713094;-1.0270014708486936;0.5577038191552224
1779115675.484901;1.0662865324785722;-0.171120169086228;-0.3516240803296847;-2.8457995169046675;-1.3093391982808804;0.5456341036647419
1779115675.510936;1.067331802019193;-0.18124991309918564;-0.39380387685104323;-2.9684970259448367;-1.321883334268435;0.5198641189071844
1779115675.532761;1.0686692033540373;-0.1909675736119418;-0.45269736166826696;-3.091801160070272;-1.3345671582973138;0.48875245652623284
1779115675.548968;1.0676978283907523;-0.18892044469824695;-0.49181603420707737;-3.09177391208321;-1.3370639099256112;0.48408437791129955
1779115675.580412;1.0652740330735757;-0.18389084171886863;-0.5905591965562084;-3.0917902243064868;-1.371213390269276;0.4744145067365177
1779115675.612957;1.0659061175340152;-0.18433346909366402;-0.5902287574144738;-3.0921290696885726;-1.4015910251054515;0.45550925168501705
1779115675.640333;1.0697350485014563;-0.18544291502583232;-0.5717981788455665;-3.1123419212708554;-1.403456066592985;0.4328290216292281
1779115675.659728;1.075985606578958;-0.18554447971345872;-0.5811865810457204;-3.201162306917157;-1.40408214428652;0.4231844708670512
1779115675.691463;1.0977821037083526;-0.19065522373901092;-0.4993388789383968;-3.150293587996675;-1.3993019956040667;0.42190113369582016
1779115675.711728;1.128922548437712;-0.19680549245800358;-0.37187160409162623;-3.00591554654528;-1.3119986065479214;0.421798410460985
1779115675.726774;1.1279121469051976;-0.1941820193807605;-0.42041018181470863;-3.0069517334061278;-1.1473955370384763;0.4217833258302738
1779115675.757682;1.1277297839944171;-0.19361824050147927;-0.4264330180313419;-3.0073155973372527;-1.0883770152790193;0.4217026610768216
1779115675.786104;1.1235456818434038;-0.19184798348102003;-0.4593068475883247;-3.007847113397079;-0.9718473288255152;0.4216961644033574
1779115675.812093;1.1166629654016211;-0.19038548356371143;-0.48754884230402196;-3.0059488826079166;-0.8985517092640101;0.42181572841623016
1779115675.833925;1.1116261833930365;-0.19035356841122325;-0.4873288322309914;-3.0013793493079253;-0.8969088130408798;0.421987752481521
1779115675.84973;1.109601455766497;-0.19033236729957562;-0.4874386632733264;-2.9988018183408744;-0.8959966814306521;0.4220847330558745
1779115675.88188;1.1088052010116012;-0.19022848462362693;-0.48952237733414994;-2.996211193640864;-0.8962174032016933;0.4221323141916111
1779115675.912627;1.1081289604095699;-0.19024960439174493;-0.48908860400666054;-2.9833806749800442;-0.8962463411877354;0.4221914033343813
1779115675.929698;1.1090271828301375;-0.19147998978420733;-0.4103294962613807;-2.901181399690106;-0.8974909066746902;0.42223346522272215
1779115675.945742;1.1113296197394595;-0.1930125817064595;-0.2387965684147001;-2.7066970486282864;-0.9012038166142848;0.4222807690133151
1779115675.981115;1.1079618420382977;-0.18552291076549837;-0.39607753444441224;-2.7453331744755527;-0.9032996654123717;0.42237156107432006
1779115676.004112;1.1083772786562933;-0.18590001550032345;-0.38715603324246495;-2.745129834370655;-0.9127932303443081;0.4218099244007975
1779115676.02856;1.1409313313779563;-0.19016137254855697;-0.2756641055127643;-2.7239970397613575;-1.1823172188710074;0.39842891150837567
1779115676.056681;1.2093952465600688;-0.18111973917681035;-0.47400889304086724;-2.7196843395306165;-1.3562193366839865;0.34977798790722403
1779115676.081409;1.2117095283801058;-0.18518468345435338;-0.3980964485912;-2.721760721850248;-1.404670650033561;0.33581182503492374
1779115676.104138;1.2130240609415939;-0.18868110349319436;-0.39279295771460426;-2.7477436613733657;-1.4614314871720413;0.33132430093117854
1779115676.128976;1.2130544086351556;-0.1894273828693631;-0.40515810234551114;-2.7559862305400586;-1.4856129762746146;0.32837338423008977
1779115676.158468;1.2095336775373622;-0.19866293517999212;-0.43183703999447;-2.7572770655767034;-1.4869641410645664;0.32690324235774615
1779115676.181699;1.1916089333739939;-0.2093424044915617;-0.536823890707208;-2.7573985403804566;-1.4880813541413347;0.32678108235155817
1779115676.201414;1.18125118577285;-0.2174160087323705;-0.5102121921780315;-2.674684732757545;-1.5427888325136072;0.32635954509139836
1779115676.230588;1.1690055041676704;-0.2246903698596959;-0.3723002938148795;-2.4945171325366653;-1.6507221824315716;0.32556402929674627
1779115676.247176;1.1557654990018251;-0.2245023254069527;-0.37873302038403;-2.464018414438789;-1.6506680149206125;0.32556935011691246
1779115676.282073;1.1390651633481415;-0.22914967793748373;-0.22162144674361395;-2.2634739010394336;-1.6509463071937152;0.32554721707503237
1779115676.309662;1.1348510559978555;-0.22698570901220852;-0.20706608955080466;-2.272716283731141;-1.8202326016164116;0.325589392543003
1779115676.330174;1.1333686904846316;-0.22252432263595803;-0.1903623170071272;-2.2803741829497683;-1.8636033847158269;0.3255947987783569
1779115676.357198;1.130577033268168;-0.2172032575148612;-0.17895372055537065;-2.280666741692672;-1.8559869088719863;0.32557237871564504
1779115676.380614;1.1262060896716029;-0.21569360136280485;-0.19916492102267142;-2.280163788962995;-1.8422437269290068;0.3255371355460057
1779115676.403814;1.1275388628632115;-0.2126903644872905;-0.14686816298733651;-2.267827336305069;-1.8416901327575845;0.32551335270867077
1779115676.435402;1.1272935830393513;-0.20975262611502057;-0.1336259889816221;-2.23890123590544;-1.79227988974386;0.3249993965580869
1779115676.451084;1.1255495802098596;-0.20618379206519236;-0.19138171176955482;-2.227159995177982;-1.7797795427666976;0.32438701808763953
1779115676.483011;1.1217466698425471;-0.19852389784082936;-0.328701758154378;-2.215484584881107;-1.7794663806513922;0.32321002900965085
1779115676.501641;1.1217841597387148;-0.19773152059605187;-0.3263697041865942;-2.2164350409962488;-1.7777930410799616;0.3231702680400835
1779115676.531271;1.125782054422995;-0.1985467521318814;-0.19686500186166958;-2.213606699698117;-1.7773368513870094;0.32312067057050586
1779115676.548965;1.1251387418092786;-0.19027005213245848;-0.17196832234332196;-2.2029423826038586;-1.7772659810072835;0.3231168517553767
1779115676.583642;1.1186865895622458;-0.1797617904038693;-0.16737951881858984;-2.1717645152037472;-1.7789271684916497;0.3227723545967601
1779115676.611651;1.1174215613978042;-0.18098305158070205;-0.05224672014426672;-1.9648894045983898;-1.7778445571210222;0.3224496642659394
1779115676.632792;1.1179719015530503;-0.1810567814164128;-0.02483001556202532;-1.918649210906857;-1.777199014892261;0.32157962491736036
1779115676.656866;1.1179144810192376;-0.18044043319574976;-0.027471492635675478;-1.9154803883469986;-1.777069857851151;0.3163428076559808
1779115676.684106;1.1194386547669872;-0.1779739512155661;-0.00502626807527844;-1.8832667792097868;-1.7769275235396131;0.3011142087368545
1779115676.704453;1.1228205719443225;-0.17407967881933495;0.05005539045485313;-1.8244361348952396;-1.7768775743256076;0.2821081494255335
1779115676.734208;1.1313800574136657;-0.17234472016456676;0.00578523003359252;-1.8214851104002168;-1.7724259634534356;0.2714037199786528
