B_TIME_sec,RECV_TIME,TRIG_CNT,B_TIME,S_0_0,S_0_1,S_0_2,S_0_3,S_0_4,S_0_5,S_0_6,S_0_7,S_0_8,S_0_9,S_0_10,S_0_11,S_0_12,S_0_13,S_0_14,S_0_15,S_1_0,S_1_1,S_1_2,S_1_3,S_1_4,S_1_5,S_1_6,S_1_7,S_1_8,S_1_9,S_1_10,S_1_11,S_1_12,S_1_13,S_1_14,S_1_15,S_2_0,S_2_1,S_2_2,S_2_3,S_2_4,S_2_5,S_2_6,S_2_7,S_2_8,S_2_9,S_2_10,S_2_11,S_2_12,S_2_13,S_2_14,S_2_15,S_3_0,S_3_1,S_3_2,S_3_3,S_3_4,S_3_5,S_3_6,S_3_7,S_3_8,S_3_9,S_3_10,S_3_11,S_3_12,S_3_13,S_3_14,S_3_15,S_4_0,S_4_1,S_4_2,S_4_3,S_4_4,S_4_5,S_4_6,S_4_7,S_4_8,S_4_9,S_4_10,S_4_11,S_4_12,S_4_13,S_4_14,S_4_15,S_5_0,S_5_1,S_5_2,S_5_3,S_5_4,S_5_5,S_5_6,S_5_7,S_5_8,S_5_9,S_5_10,S_5_11,S_5_12,S_5_13,S_5_14,S_5_15,S_6_0,S_6_1,S_6_2,S_6_3,S_6_4,S_6_5,S_6_6,S_6_7,S_6_8,S_6_9,S_6_10,S_6_11,S_6_12,S_6_13,S_6_14,S_6_15,S_7_0,S_7_1,S_7_2,S_7_3,S_7_4,S_7_5,S_7_6,S_7_7,S_7_8,S_7_9,S_7_10,S_7_11,S_7_12,S_7_13,S_7_14,S_7_15,S_mean,TTL_time,TTL_state,TTL_0,TTL_1,TTL_2,TTL_3,TTL_4,TTL_5,TTL_6,TTL_7,TTL_8,TTL_9,TTL_10,TTL_11,TTL_12,TTL_13,TTL_14,TTL_15,field_count,length_match,S_mean_calc_raw,S_mean_calc,S_mean_match,comma_count,comma_match,bad,S_mean,S_mean_calc_raw,S_mean_calc,comma_count,comma_match,field_count,length_match,S_mean_match
2.167741,1778595897.340333,86,2167741,76.0,71.0,149.0,108.0,151.0,114.0,159.0,110.0,202.0,120.0,343.0,241.0,461.0,253.0,208.0,276.0,126.0,63.0,65.0,65.0,93.0,95.0,105.0,90.0,167.0,562.0,780.0,1078.0,1109.0,1222.0,234.0,128.0,131.0,81.0,77.0,81.0,92.0,90.0,103.0,118.0,364.0,421.0,2027.0,2155.0,2684.0,1138.0,725.0,365.0,91.0,80.0,92.0,61.0,80.0,81.0,49.0,79.0,74.0,315.0,879.0,3596.0,4731.0,2308.0,907.0,474.0,163.0,91.0,65.0,90.0,87.0,77.0,72.0,88.0,85.0,334.0,813.0,947.0,1075.0,1027.0,471.0,235.0,117.0,104.0,88.0,93.0,78.0,87.0,67.0,88.0,139.0,208.0,242.0,356.0,256.0,380.0,216.0,98.0,151.0,116.0,80.0,85.0,82.0,83.0,100.0,103.0,117.0,129.0,145.0,165.0,143.0,134.0,86.0,106.0,336.0,246.0,164.0,193.0,136.0,190.0,130.0,193.0,120.0,380.0,168.0,203.0,144.0,233.0,137.0,195.0,366,0,-1,-2,-2,-2,-2,-2,-2,-2,-2,-2,-2,-2,-1,-1,-2,-2,-2,150,True,366.4296875,366.0,True,150,True,False,366.0,366.4296875,366.0,150,True,150,True,True
2.19274,1778595897.352354,87,2192740,72.0,75.0,145.0,96.0,150.0,114.0,155.0,111.0,193.0,121.0,353.0,236.0,469.0,259.0,202.0,288.0,121.0,69.0,65.0,58.0,94.0,93.0,101.0,102.0,153.0,571.0,780.0,1078.0,1129.0,1217.0,217.0,142.0,128.0,80.0,79.0,70.0,97.0,93.0,99.0,118.0,367.0,418.0,2040.0,2158.0,2674.0,1139.0,732.0,361.0,97.0,88.0,85.0,64.0,66.0,87.0,52.0,82.0,70.0,325.0,886.0,3570.0,4720.0,2294.0,910.0,470.0,172.0,86.0,80.0,85.0,83.0,75.0,68.0,94.0,88.0,329.0,811.0,951.0,1078.0,1022.0,451.0,229.0,132.0,101.0,86.0,91.0,85.0,82.0,70.0,90.0,133.0,215.0,230.0,359.0,259.0,376.0,222.0,95.0,139.0,112.0,84.0,86.0,81.0,98.0,101.0,108.0,111.0,144.0,142.0,157.0,143.0,135.0,87.0,124.0,356.0,241.0,157.0,199.0,146.0,190.0,137.0,177.0,146.0,383.0,174.0,201.0,160.0,227.0,135.0,192.0,366,0,-1,-2,-2,-2,-2,-2,-2,-2,-2,-2,-2,-2,-1,-1,-2,-2,-2,150,True,366.7890625,366.0,True,150,True,False,366.0,366.7890625,366.0,150,True,150,True,True
2.217741,1778595897.389814,88,2217741,71.0,72.0,135.0,104.0,149.0,121.0,162.0,107.0,199.0,122.0,344.0,236.0,466.0,253.0,201.0,294.0,115.0,64.0,60.0,65.0,86.0,96.0,99.0,98.0,161.0,571.0,777.0,1093.0,1119.0,1220.0,229.0,143.0,134.0,80.0,86.0,59.0,88.0,82.0,102.0,131.0,372.0,417.0,2046.0,2153.0,2669.0,1150.0,741.0,361.0,95.0,75.0,80.0,66.0,73.0,74.0,61.0,72.0,65.0,321.0,882.0,3571.0,4715.0,2288.0,902.0,470.0,168.0,85.0,65.0,84.0,82.0,86.0,69.0,89.0,89.0,332.0,816.0,935.0,1083.0,1036.0,454.0,232.0,120.0,101.0,83.0,97.0,82.0,79.0,74.0,86.0,139.0,205.0,238.0,365.0,258.0,372.0,214.0,95.0,140.0,108.0,84.0,88.0,90.0,81.0,97.0,113.0,115.0,140.0,144.0,149.0,135.0,128.0,78.0,118.0,345.0,248.0,146.0,184.0,145.0,180.0,134.0,173.0,130.0,381.0,178.0,218.0,152.0,230.0,132.0,195.0,365,0,-1,-2,-2,-2,-2,-2,-2,-2,-2,-2,-2,-2,-1,-1,-2,-2,-2,150,True,365.6640625,365.0,True,150,True,False,365.0,365.6640625,365.0,150,True,150,True,True
2.242743,1778595897.414148,89,2242743,65.0,79.0,144.0,106.0,156.0,120.0,163.0,101.0,192.0,122.0,345.0,231.0,460.0,251.0,196.0,287.0,114.0,66.0,66.0,66.0,87.0,93.0,110.0,103.0,153.0,582.0,784.0,1092.0,1110.0,1232.0,221.0,130.0,134.0,75.0,89.0,72.0,85.0,89.0,109.0,119.0,359.0,416.0,2025.0,2154.0,2671.0,1149.0,734.0,375.0,100.0,74.0,84.0,71.0,78.0,78.0,60.0,85.0,69.0,331.0,877.0,3556.0,4707.0,2297.0,912.0,480.0,171.0,90.0,74.0,82.0,76.0,77.0,69.0,90.0,79.0,333.0,801.0,938.0,1085.0,1026.0,463.0,235.0,122.0,110.0,91.0,99.0,72.0,89.0,75.0,86.0,136.0,224.0,237.0,353.0,263.0,370.0,213.0,90.0,135.0,108.0,79.0,74.0,88.0,86.0,95.0,103.0,104.0,135.0,145.0,158.0,137.0,132.0,95.0,108.0,349.0,248.0,159.0,198.0,140.0,199.0,129.0,188.0,128.0,381.0,179.0,192.0,143.0,240.0,128.0,194.0,365,0,-1,-2,-2,-2,-2,-2,-2,-2,-2,-2,-2,-2,-1,-1,-2,-2,-2,150,True,365.9140625,365.0,True,150,True,False,365.0,365.9140625,365.0,150,True,150,True,True
2.267745,1778595897.430711,90,2267745,72.0,72.0,141.0,106.0,153.0,122.0,150.0,112.0,200.0,120.0,336.0,242.0,465.0,265.0,200.0,285.0,119.0,65.0,63.0,68.0,86.0,89.0,101.0,96.0,174.0,570.0,777.0,1077.0,1114.0,1226.0,225.0,145.0,127.0,84.0,86.0,73.0,87.0,89.0,100.0,117.0,366.0,411.0,2026.0,2156.0,2678.0,1157.0,746.0,359.0,96.0,78.0,78.0,68.0,80.0,79.0,57.0,90.0,77.0,316.0,849.0,3532.0,4679.0,2312.0,919.0,476.0,176.0,86.0,76.0,88.0,82.0,74.0,68.0,89.0,91.0,328.0,796.0,944.0,1074.0,1019.0,473.0,232.0,134.0,103.0,75.0,83.0,80.0,80.0,69.0,93.0,134.0,207.0,230.0,358.0,270.0,376.0,216.0,95.0,161.0,103.0,75.0,89.0,80.0,71.0,102.0,112.0,115.0,144.0,137.0,129.0,134.0,136.0,83.0,104.0,360.0,247.0,147.0,195.0,151.0,192.0,144.0,183.0,134.0,390.0,164.0,209.0,155.0,231.0,134.0,200.0,365,0,-1,-2,-2,-2,-2,-2,-2,-2,-2,-2,-2,-2,-1,-1,-2,-2,-2,150,True,365.578125,365.0,True,150,True,False,365.0,365.578125,365.0,150,True,150,True,True
2.292744,1778595897.462449,91,2292744,71.0,73.0,148.0,108.0,155.0,121.0,166.0,110.0,200.0,123.0,349.0,251.0,476.0,263.0,206.0,290.0,108.0,65.0,68.0,71.0,90.0,92.0,106.0,94.0,159.0,571.0,770.0,1096.0,1127.0,1246.0,222.0,134.0,129.0,78.0,88.0,70.0,95.0,89.0,93.0,123.0,364.0,407.0,2016.0,2174.0,2696.0,1170.0,743.0,377.0,101.0,69.0,84.0,72.0,76.0,86.0,59.0,81.0,72.0,305.0,856.0,3532.0,4721.0,2328.0,919.0,473.0,166.0,92.0,73.0,88.0,93.0,89.0,68.0,96.0,89.0,330.0,781.0,932.0,1073.0,1036.0,471.0,238.0,128.0,107.0,87.0,97.0,86.0,86.0,75.0,88.0,134.0,205.0,231.0,363.0,258.0,384.0,221.0,93.0,153.0,111.0,88.0,73.0,85.0,88.0,88.0,98.0,113.0,129.0,146.0,144.0,131.0,144.0,85.0,116.0,360.0,239.0,159.0,182.0,147.0,183.0,134.0,184.0,141.0,378.0,171.0,203.0,128.0,236.0,136.0,197.0,367,0,-1,-2,-2,-2,-2,-2,-2,-2,-2,-2,-2,-2,-1,-1,-2,-2,-2,150,True,367.2109375,367.0,True,150,True,False,367.0,367.2109375,367.0,150,True,150,True,True
2.317748,1778595897.478915,92,2317748,72.0,73.0,143.0,104.0,154.0,121.0,162.0,107.0,186.0,125.0,336.0,253.0,455.0,249.0,206.0,284.0,117.0,70.0,58.0,60.0,79.0,85.0,97.0,92.0,158.0,584.0,770.0,1072.0,1125.0,1219.0,234.0,131.0,143.0,86.0,81.0,71.0,100.0,88.0,95.0,119.0,358.0,415.0,1990.0,2135.0,2688.0,1156.0,737.0,374.0,97.0,73.0,86.0,68.0,72.0,80.0,70.0,77.0,66.0,320.0,837.0,3476.0,4679.0,2323.0,935.0,482.0,169.0,87.0,81.0,87.0,86.0,93.0,74.0,91.0,89.0,328.0,773.0,931.0,1060.0,1028.0,472.0,230.0,126.0,105.0,82.0,93.0,86.0,83.0,71.0,95.0,133.0,209.0,229.0,338.0,255.0,366.0,208.0,89.0,145.0,114.0,82.0,91.0,85.0,86.0,102.0,111.0,112.0,141.0,149.0,154.0,133.0,134.0,87.0,112.0,348.0,243.0,154.0,195.0,152.0,192.0,139.0,189.0,131.0,391.0,177.0,208.0,140.0,241.0,131.0,200.0,364,0,-1,-2,-2,-2,-2,-2,-2,-2,-2,-2,-2,-2,-1,-1,-2,-2,-2,150,True,364.640625,364.0,True,150,True,False,364.0,364.640625,364.0,150,True,150,True,True
2.342749,1778595897.51004,93,2342749,80.0,69.0,139.0,110.0,154.0,118.0,161.0,104.0,199.0,122.0,337.0,250.0,462.0,265.0,201.0,285.0,123.0,64.0,62.0,68.0,84.0,89.0,104.0,92.0,165.0,573.0,768.0,1086.0,1132.0,1233.0,231.0,131.0,135.0,80.0,74.0,66.0,91.0,87.0,95.0,120.0,358.0,405.0,1981.0,2144.0,2690.0,1170.0,744.0,368.0,100.0,76.0,81.0,71.0,81.0,77.0,61.0,81.0,70.0,319.0,833.0,3472.0,4684.0,2323.0,923.0,479.0,169.0,86.0,67.0,85.0,91.0,87.0,71.0,93.0,91.0,320.0,769.0,924.0,1066.0,1029.0,473.0,235.0,132.0,104.0,79.0,97.0,87.0,82.0,75.0,85.0,129.0,216.0,227.0,344.0,267.0,384.0,211.0,93.0,143.0,108.0,87.0,85.0,74.0,90.0,93.0,109.0,106.0,132.0,138.0,165.0,134.0,136.0,87.0,116.0,356.0,245.0,165.0,184.0,148.0,185.0,143.0,194.0,138.0,384.0,174.0,201.0,148.0,238.0,143.0,198.0,364,0,-1,-2,-2,-2,-2,-2,-2,-2,-2,-2,-2,-2,-1,-1,-2,-2,-2,150,True,364.9609375,364.0,True,150,True,False,364.0,364.9609375,364.0,150,True,150,True,True
2.367749,1778595897.542194,94,2367749,73.0,70.0,146.0,107.0,154.0,123.0,153.0,103.0,191.0,125.0,341.0,243.0,468.0,251.0,203.0,281.0,122.0,71.0,68.0,57.0,85.0,87.0,103.0,94.0,162.0,565.0,772.0,1085.0,1112.0,1216.0,225.0,133.0,129.0,81.0,81.0,82.0,88.0,83.0,101.0,123.0,357.0,407.0,1983.0,2125.0,2677.0,1157.0,734.0,365.0,94.0,79.0,76.0,72.0,78.0,82.0,56.0,74.0,74.0,321.0,835.0,3483.0,4680.0,2308.0,912.0,473.0,169.0,97.0,67.0,74.0,89.0,75.0,63.0,100.0,88.0,331.0,781.0,923.0,1080.0,1033.0,452.0,231.0,135.0,102.0,87.0,83.0,77.0,84.0,64.0,95.0,138.0,202.0,226.0,341.0,268.0,370.0,214.0,88.0,148.0,106.0,86.0,88.0,91.0,86.0,101.0,111.0,104.0,143.0,145.0,153.0,141.0,138.0,81.0,111.0,350.0,244.0,165.0,200.0,135.0,191.0,127.0,184.0,146.0,381.0,173.0,202.0,149.0,224.0,129.0,189.0,363,0,-1,-2,-2,-2,-2,-2,-2,-2,-2,-2,-2,-2,-1,-1,-2,-2,-2,150,True,363.34375,363.0,True,150,True,False,363.0,363.34375,363.0,150,True,150,True,True
2.392751,1778595897.566178,95,2392751,70.0,72.0,141.0,104.0,152.0,123.0,160.0,107.0,206.0,116.0,338.0,243.0,459.0,252.0,206.0,278.0,119.0,65.0,64.0,66.0,92.0,92.0,101.0,94.0,155.0,570.0,775.0,1084.0,1107.0,1220.0,221.0,141.0,127.0,88.0,75.0,59.0,99.0,96.0,111.0,127.0,364.0,405.0,1985.0,2130.0,2650.0,1144.0,733.0,365.0,97.0,75.0,89.0,71.0,80.0,76.0,57.0,85.0,72.0,309.0,847.0,3490.0,4660.0,2298.0,901.0,464.0,167.0,90.0,72.0,76.0,87.0,80.0,70.0,96.0,85.0,323.0,790.0,931.0,1075.0,1030.0,457.0,229.0,126.0,107.0,88.0,94.0,69.0,76.0,72.0,89.0,129.0,207.0,232.0,351.0,266.0,373.0,216.0,104.0,149.0,109.0,76.0,77.0,75.0,81.0,98.0,116.0,111.0,139.0,146.0,139.0,130.0,136.0,86.0,110.0,358.0,252.0,171.0,196.0,151.0,194.0,134.0,195.0,137.0,377.0,177.0,206.0,145.0,247.0,140.0,190.0,363,0,-1,-2,-2,-2,-2,-2,-2,-2,-2,-2,-2,-2,-1,-1,-2,-2,-2,150,True,363.4921875,363.0,True,150,True,False,363.0,363.4921875,363.0,150,True,150,True,True
2.41775,1778595897.590415,96,2417750,79.0,72.0,148.0,107.0,157.0,112.0,154.0,113.0,201.0,114.0,333.0,241.0,450.0,253.0,191.0,282.0,118.0,62.0,61.0,59.0,95.0,90.0,110.0,93.0,180.0,569.0,769.0,1066.0,1098.0,1209.0,216.0,133.0,135.0,82.0,77.0,68.0,91.0,89.0,101.0,112.0,361.0,402.0,1998.0,2143.0,2646.0,1131.0,719.0,360.0,97.0,73.0,94.0,71.0,81.0,87.0,51.0,82.0,79.0,314.0,853.0,3503.0,4611.0,2275.0,900.0,467.0,170.0,93.0,75.0,85.0,85.0,84.0,78.0,93.0,94.0,331.0,783.0,927.0,1072.0,1020.0,455.0,231.0,128.0,113.0,86.0,85.0,72.0,90.0,76.0,83.0,125.0,206.0,223.0,337.0,254.0,376.0,209.0,88.0,141.0,104.0,87.0,89.0,92.0,78.0,103.0,105.0,108.0,129.0,137.0,150.0,125.0,136.0,83.0,121.0,360.0,248.0,154.0,200.0,142.0,184.0,136.0,183.0,138.0,381.0,175.0,217.0,137.0,240.0,130.0,196.0,361,0,-1,-2,-2,-2,-2,-2,-2,-2,-2,-2,-2,-2,-1,-1,-2,-2,-2,150,True,361.90625,361.0,True,150,True,False,361.0,361.90625,361.0,150,True,150,True,True
2.44275,1778595897.615968,97,2442750,67.0,65.0,139.0,110.0,151.0,126.0,159.0,105.0,204.0,128.0,343.0,246.0,459.0,244.0,196.0,288.0,118.0,66.0,69.0,61.0,86.0,89.0,109.0,100.0,160.0,563.0,776.0,1075.0,1092.0,1193.0,214.0,135.0,136.0,76.0,80.0,70.0,102.0,84.0,90.0,122.0,353.0,405.0,2008.0,2127.0,2597.0,1120.0,716.0,350.0,92.0,72.0,83.0,78.0,74.0,82.0,60.0,71.0,69.0,328.0,865.0,3526.0,4576.0,2236.0,880.0,458.0,166.0,88.0,71.0,84.0,87.0,83.0,64.0,94.0,94.0,322.0,800.0,937.0,1072.0,1005.0,459.0,226.0,127.0,106.0,83.0,97.0,78.0,74.0,71.0,83.0,138.0,210.0,238.0,350.0,258.0,358.0,212.0,91.0,140.0,111.0,86.0,86.0,80.0,78.0,96.0,102.0,119.0,135.0,130.0,152.0,140.0,135.0,89.0,111.0,367.0,242.0,157.0,196.0,145.0,192.0,135.0,183.0,135.0,386.0,174.0,216.0,147.0,235.0,138.0,184.0,360,0,-1,-2,-2,-2,-2,-2,-2,-2,-2,-2,-2,-2,-1,-1,-2,-2,-2,150,True,360.703125,360.0,True,150,True,False,360.0,360.703125,360.0,150,True,150,True,True
2.467753,1778595897.637175,98,2467753,75.0,67.0,146.0,110.0,153.0,119.0,161.0,100.0,203.0,127.0,338.0,245.0,452.0,254.0,206.0,287.0,120.0,83.0,67.0,62.0,81.0,87.0,90.0,102.0,164.0,579.0,763.0,1084.0,1095.0,1178.0,225.0,129.0,129.0,74.0,76.0,74.0,93.0,97.0,98.0,121.0,366.0,425.0,2012.0,2115.0,2592.0,1100.0,701.0,351.0,101.0,75.0,81.0,69.0,73.0,76.0,54.0,84.0,64.0,321.0,860.0,3487.0,4505.0,2200.0,881.0,449.0,173.0,88.0,65.0,85.0,88.0,84.0,70.0,85.0,89.0,336.0,801.0,944.0,1057.0,991.0,437.0,216.0,127.0,116.0,87.0,98.0,65.0,88.0,75.0,95.0,127.0,219.0,238.0,343.0,265.0,364.0,207.0,97.0,153.0,104.0,85.0,88.0,80.0,82.0,99.0,109.0,115.0,135.0,137.0,145.0,140.0,133.0,74.0,121.0,363.0,241.0,154.0,199.0,151.0,188.0,128.0,182.0,135.0,383.0,167.0,216.0,141.0,236.0,147.0,199.0,359,0,-1,-2,-2,-2,-2,-2,-2,-2,-2,-2,-2,-2,-1,-1,-2,-2,-2,150,True,359.421875,359.0,True,150,True,False,359.0,359.421875,359.0,150,True,150,True,True
2.492753,1778595897.65287,99,2492753,81.0,72.0,136.0,104.0,151.0,114.0,158.0,103.0,199.0,116.0,340.0,242.0,458.0,252.0,195.0,293.0,118.0,75.0,64.0,65.0,88.0,97.0,102.0,96.0,165.0,579.0,781.0,1073.0,1084.0,1178.0,216.0,131.0,128.0,85.0,77.0,70.0,98.0,75.0,104.0,128.0,370.0,424.0,2026.0,2112.0,2561.0,1093.0,689.0,346.0,93.0,71.0,85.0,65.0,77.0,84.0,56.0,82.0,75.0,335.0,862.0,3455.0,4434.0,2157.0,847.0,448.0,166.0,87.0,75.0,81.0,84.0,85.0,70.0,97.0,90.0,326.0,803.0,915.0,1034.0,967.0,433.0,221.0,135.0,104.0,83.0,90.0,83.0,88.0,71.0,89.0,129.0,205.0,240.0,330.0,259.0,359.0,202.0,90.0,149.0,115.0,84.0,86.0,77.0,82.0,97.0,112.0,121.0,136.0,154.0,151.0,139.0,132.0,81.0,117.0,360.0,246.0,155.0,189.0,141.0,184.0,134.0,194.0,132.0,391.0,183.0,209.0,154.0,234.0,121.0,196.0,356,0,-1,-2,-2,-2,-2,-2,-2,-2,-2,-2,-2,-2,-1,-1,-2,-2,-2,150,True,356.9140625,356.0,True,150,True,False,356.0,356.9140625,356.0,150,True,150,True,True
2.517755,1778595897.690835,100,2517755,72.0,71.0,137.0,100.0,156.0,113.0,158.0,115.0,200.0,121.0,349.0,246.0,463.0,247.0,198.0,280.0,114.0,72.0,63.0,67.0,89.0,89.0,119.0,94.0,166.0,564.0,777.0,1087.0,1080.0,1184.0,217.0,137.0,141.0,71.0,75.0,60.0,90.0,86.0,96.0,126.0,366.0,417.0,2040.0,2129.0,2583.0,1084.0,671.0,348.0,93.0,74.0,81.0,63.0,74.0,79.0,61.0,81.0,76.0,325.0,873.0,3433.0,4376.0,2125.0,841.0,433.0,173.0,91.0,65.0,82.0,87.0,87.0,69.0,96.0,89.0,331.0,793.0,915.0,1012.0,949.0,424.0,220.0,135.0,95.0,81.0,94.0,73.0,87.0,72.0,94.0,132.0,209.0,231.0,350.0,269.0,360.0,202.0,94.0,145.0,107.0,83.0,88.0,81.0,88.0,99.0,119.0,104.0,137.0,144.0,158.0,136.0,130.0,85.0,118.0,359.0,246.0,160.0,182.0,148.0,197.0,137.0,183.0,132.0,380.0,185.0,202.0,140.0,225.0,137.0,185.0,355,0,-1,-2,-2,-2,-2,-2,-2,-2,-2,-2,-2,-2,-1,-1,-2,-2,-2,150,True,355.4453125,355.0,True,150,True,False,355.0,355.4453125,355.0,150,True,150,True,True
2.542757,1778595897.700771,101,2542757,79.0,81.0,146.0,106.0,156.0,115.0,153.0,107.0,200.0,122.0,341.0,258.0,454.0,261.0,194.0,280.0,120.0,75.0,67.0,63.0,86.0,102.0,104.0,90.0,166.0,583.0,794.0,1083.0,1091.0,1177.0,218.0,131.0,134.0,76.0,89.0,69.0,87.0,88.0,105.0,128.0,365.0,420.0,2053.0,2151.0,2562.0,1101.0,681.0,338.0,100.0,69.0,85.0,63.0,78.0,75.0,48.0,76.0,73.0,325.0,860.0,3396.0,4296.0,2095.0,825.0,426.0,155.0,88.0,73.0,86.0,80.0,89.0,66.0,100.0,86.0,326.0,774.0,890.0,986.0,931.0,421.0,218.0,132.0,105.0,93.0,105.0,72.0,76.0,75.0,101.0,135.0,212.0,226.0,358.0,255.0,368.0,205.0,99.0,145.0,127.0,80.0,82.0,86.0,88.0,96.0,111.0,115.0,145.0,141.0,141.0,147.0,137.0,89.0,119.0,357.0,254.0,154.0,195.0,145.0,192.0,142.0,187.0,132.0,379.0,175.0,209.0,118.0,229.0,132.0,191.0,354,0,-1,-2,-2,-2,-2,-2,-2,-2,-2,-2,-2,-2,-1,-1,-2,-2,-2,150,True,354.421875,354.0,True,150,True,False,354.0,354.421875,354.0,150,True,150,True,True
2.567756,1778595897.732696,102,2567756,69.0,76.0,143.0,106.0,150.0,122.0,154.0,98.0,210.0,124.0,342.0,250.0,472.0,245.0,214.0,277.0,111.0,71.0,65.0,63.0,78.0,95.0,108.0,101.0,158.0,583.0,794.0,1110.0,1102.0,1173.0,218.0,134.0,130.0,78.0,84.0,66.0,106.0,86.0,98.0,122.0,369.0,416.0,2057.0,2163.0,2584.0,1076.0,667.0,343.0,96.0,78.0,85.0,59.0,73.0,87.0,64.0,79.0,66.0,316.0,861.0,3365.0,4204.0,2049.0,812.0,418.0,170.0,88.0,75.0,85.0,85.0,78.0,60.0,100.0,92.0,325.0,759.0,877.0,966.0,902.0,409.0,211.0,123.0,105.0,87.0,85.0,85.0,86.0,73.0,87.0,143.0,211.0,232.0,339.0,245.0,339.0,197.0,100.0,137.0,112.0,73.0,84.0,92.0,84.0,83.0,115.0,109.0,134.0,151.0,146.0,138.0,135.0,74.0,120.0,350.0,251.0,158.0,192.0,152.0,195.0,137.0,188.0,139.0,382.0,171.0,208.0,139.0,231.0,138.0,197.0,351,0,-1,-2,-2,-2,-2,-2,-2,-2,-2,-2,-2,-2,-1,-1,-2,-2,-2,150,True,351.6171875,351.0,True,150,True,False,351.0,351.6171875,351.0,150,True,150,True,True
2.592756,1778595897.764477,103,2592756,72.0,75.0,136.0,104.0,151.0,121.0,156.0,102.0,204.0,125.0,341.0,252.0,466.0,256.0,200.0,278.0,123.0,57.0,70.0,61.0,88.0,90.0,105.0,96.0,163.0,587.0,795.0,1110.0,1098.0,1181.0,215.0,136.0,126.0,84.0,78.0,68.0,90.0,92.0,101.0,121.0,373.0,415.0,2031.0,2134.0,2561.0,1087.0,668.0,329.0,101.0,78.0,88.0,72.0,71.0,76.0,62.0,71.0,73.0,310.0,816.0,3289.0,4103.0,2024.0,810.0,411.0,167.0,86.0,78.0,87.0,81.0,81.0,68.0,90.0,76.0,325.0,731.0,856.0,954.0,904.0,414.0,214.0,126.0,102.0,89.0,98.0,77.0,84.0,66.0,85.0,124.0,213.0,230.0,321.0,255.0,341.0,200.0,91.0,149.0,113.0,87.0,80.0,81.0,84.0,109.0,104.0,102.0,134.0,132.0,153.0,133.0,136.0,79.0,121.0,344.0,246.0,152.0,198.0,156.0,191.0,136.0,173.0,140.0,374.0,173.0,194.0,133.0,234.0,136.0,201.0,347,0,-1,-2,-2,-2,-2,-2,-2,-2,-2,-2,-2,-2,-1,-1,-2,-2,-2,150,True,347.8046875,347.0,True,150,True,False,347.0,347.8046875,347.0,150,True,150,True,True
2.61776,1778595897.779821,104,2617760,80.0,73.0,139.0,113.0,159.0,119.0,157.0,103.0,202.0,121.0,360.0,243.0,464.0,249.0,196.0,279.0,112.0,61.0,64.0,68.0,86.0,103.0,107.0,88.0,163.0,585.0,793.0,1112.0,1106.0,1189.0,211.0,135.0,143.0,79.0,83.0,68.0,91.0,90.0,105.0,126.0,355.0,404.0,2003.0,2115.0,2583.0,1082.0,673.0,330.0,100.0,72.0,90.0,65.0,70.0,91.0,59.0,79.0,69.0,310.0,803.0,3165.0,4012.0,2017.0,811.0,410.0,168.0,95.0,77.0,84.0,80.0,80.0,67.0,98.0,85.0,316.0,698.0,811.0,917.0,886.0,412.0,209.0,127.0,107.0,80.0,96.0,88.0,100.0,69.0,88.0,130.0,191.0,214.0,324.0,252.0,347.0,189.0,87.0,144.0,105.0,81.0,91.0,80.0,93.0,88.0,112.0,114.0,129.0,137.0,156.0,139.0,132.0,92.0,110.0,348.0,259.0,159.0,200.0,147.0,188.0,134.0,185.0,139.0,376.0,182.0,199.0,141.0,223.0,131.0,198.0,345,0,-1,-2,-2,-2,-2,-2,-2,-2,-2,-2,-2,-2,-1,-1,-2,-2,-2,150,True,345.1328125,345.0,True,150,True,False,345.0,345.1328125,345.0,150,True,150,True,True
2.642759,1778595897.811883,105,2642759,79.0,74.0,150.0,104.0,152.0,115.0,153.0,115.0,201.0,127.0,350.0,253.0,463.0,246.0,202.0,285.0,121.0,74.0,66.0,56.0,97.0,85.0,105.0,102.0,159.0,585.0,788.0,1107.0,1099.0,1170.0,208.0,126.0,140.0,78.0,83.0,70.0,90.0,89.0,110.0,117.0,351.0,403.0,2002.0,2154.0,2554.0,1073.0,664.0,323.0,99.0,70.0,86.0,72.0,73.0,79.0,56.0,77.0,71.0,299.0,781.0,3183.0,3988.0,2013.0,797.0,396.0,166.0,87.0,86.0,92.0,85.0,86.0,66.0,96.0,86.0,318.0,690.0,823.0,932.0,901.0,410.0,207.0,123.0,102.0,94.0,87.0,79.0,83.0,75.0,79.0,126.0,200.0,201.0,310.0,253.0,342.0,200.0,95.0,142.0,111.0,92.0,92.0,89.0,78.0,88.0,104.0,105.0,127.0,134.0,142.0,123.0,140.0,78.0,113.0,350.0,252.0,152.0,193.0,151.0,191.0,127.0,186.0,133.0,383.0,171.0,208.0,148.0,239.0,132.0,203.0,343,0,-1,-2,-2,-2,-2,-2,-2,-2,-2,-2,-2,-2,-1,-1,-2,-2,-2,150,True,343.8671875,343.0,True,150,True,False,343.0,343.8671875,343.0,150,True,150,True,True
2.667763,1778595897.827777,106,2667763,72.0,70.0,139.0,109.0,147.0,120.0,168.0,104.0,206.0,123.0,348.0,245.0,460.0,247.0,198.0,293.0,112.0,73.0,60.0,58.0,88.0,100.0,112.0,96.0,159.0,557.0,771.0,1096.0,1075.0,1134.0,194.0,135.0,134.0,75.0,85.0,64.0,91.0,76.0,101.0,118.0,351.0,400.0,1978.0,2184.0,2487.0,1050.0,655.0,321.0,102.0,80.0,88.0,70.0,81.0,82.0,62.0,84.0,72.0,293.0,769.0,3261.0,4014.0,2014.0,803.0,404.0,168.0,94.0,77.0,80.0,87.0,81.0,73.0,101.0,96.0,320.0,687.0,826.0,946.0,923.0,410.0,211.0,125.0,111.0,85.0,103.0,83.0,84.0,76.0,89.0,128.0,197.0,216.0,320.0,253.0,349.0,199.0,100.0,144.0,113.0,86.0,91.0,80.0,89.0,96.0,115.0,111.0,135.0,145.0,145.0,123.0,135.0,84.0,115.0,350.0,239.0,157.0,195.0,135.0,188.0,134.0,183.0,129.0,391.0,179.0,218.0,140.0,232.0,138.0,186.0,343,0,-1,-2,-2,-2,-2,-2,-2,-2,-2,-2,-2,-2,-1,-1,-2,-2,-2,150,True,343.8828125,343.0,True,150,True,False,343.0,343.8828125,343.0,150,True,150,True,True
2.692761,1778595897.859137,107,2692761,66.0,73.0,144.0,111.0,157.0,121.0,165.0,110.0,198.0,118.0,343.0,238.0,463.0,247.0,204.0,276.0,120.0,70.0,63.0,62.0,86.0,100.0,111.0,106.0,156.0,553.0,745.0,1080.0,1043.0,1113.0,198.0,127.0,126.0,80.0,86.0,68.0,93.0,89.0,104.0,122.0,339.0,374.0,1897.0,2137.0,2392.0,1034.0,653.0,329.0,104.0,74.0,88.0,71.0,74.0,78.0,62.0,86.0,67.0,276.0,719.0,3241.0,3923.0,2001.0,811.0,402.0,168.0,88.0,71.0,88.0,81.0,86.0,71.0,100.0,81.0,307.0,666.0,832.0,965.0,938.0,421.0,215.0,135.0,108.0,88.0,84.0,76.0,79.0,77.0,90.0,118.0,197.0,206.0,329.0,261.0,357.0,196.0,99.0,145.0,108.0,83.0,93.0,83.0,78.0,98.0,112.0,106.0,129.0,133.0,144.0,128.0,130.0,81.0,113.0,360.0,248.0,152.0,191.0,144.0,195.0,129.0,187.0,134.0,383.0,171.0,205.0,144.0,238.0,143.0,186.0,339,0,-1,-2,-2,-2,-2,-2,-2,-2,-2,-2,-2,-2,-1,-1,-2,-2,-2,150,True,339.2109375,339.0,True,150,True,False,339.0,339.2109375,339.0,150,True,150,True,True
2.717763,1778595897.890827,108,2717763,72.0,73.0,154.0,121.0,167.0,116.0,152.0,105.0,202.0,128.0,331.0,231.0,436.0,233.0,199.0,287.0,123.0,65.0,58.0,70.0,87.0,89.0,112.0,101.0,154.0,523.0,715.0,1049.0,1015.0,1102.0,197.0,139.0,131.0,88.0,102.0,68.0,94.0,88.0,98.0,128.0,325.0,369.0,1814.0,2113.0,2336.0,1044.0,668.0,328.0,104.0,70.0,84.0,65.0,75.0,74.0,58.0,75.0,73.0,269.0,684.0,3194.0,3908.0,2069.0,837.0,413.0,175.0,82.0,75.0,84.0,80.0,83.0,69.0,89.0,82.0,290.0,640.0,835.0,991.0,981.0,442.0,221.0,132.0,106.0,92.0,96.0,79.0,92.0,77.0,102.0,126.0,204.0,200.0,320.0,267.0,371.0,213.0,100.0,148.0,117.0,89.0,87.0,85.0,81.0,92.0,107.0,106.0,128.0,134.0,154.0,144.0,137.0,83.0,110.0,358.0,244.0,164.0,186.0,147.0,189.0,134.0,200.0,131.0,385.0,174.0,204.0,145.0,234.0,136.0,188.0,338,0,-1,-2,-2,-2,-2,-2,-2,-2,-2,-2,-2,-2,-1,-1,-2,-2,-2,150,True,338.0390625,338.0,True,150,True,False,338.0,338.0390625,338.0,150,True,150,True,True
2.742763,1778595897.906936,109,2742763,70.0,83.0,139.0,106.0,149.0,115.0,154.0,104.0,190.0,113.0,327.0,230.0,440.0,241.0,197.0,285.0,108.0,72.0,74.0,63.0,81.0,90.0,105.0,90.0,147.0,507.0,703.0,1018.0,986.0,1104.0,194.0,131.0,135.0,86.0,74.0,77.0,89.0,83.0,103.0,119.0,321.0,346.0,1767.0,2137.0,2284.0,1045.0,668.0,333.0,88.0,75.0,74.0,71.0,73.0,82.0,62.0,79.0,71.0,258.0,668.0,3289.0,3978.0,2134.0,865.0,424.0,168.0,87.0,81.0,86.0,86.0,77.0,69.0,99.0,87.0,286.0,629.0,849.0,1029.0,1041.0,472.0,228.0,127.0,106.0,85.0,90.0,80.0,92.0,74.0,86.0,112.0,194.0,213.0,337.0,267.0,380.0,209.0,87.0,152.0,112.0,82.0,85.0,88.0,91.0,101.0,112.0,106.0,128.0,134.0,169.0,146.0,137.0,76.0,114.0,353.0,252.0,162.0,194.0,146.0,194.0,132.0,176.0,128.0,375.0,173.0,211.0,158.0,233.0,135.0,184.0,338,0,-1,-2,-2,-2,-2,-2,-2,-2,-2,-2,-2,-2,-1,-1,-2,-2,-2,150,True,338.484375,338.0,True,150,True,False,338.0,338.484375,338.0,150,True,150,True,True
2.767764,1778595897.938436,110,2767764,76.0,73.0,150.0,108.0,154.0,121.0,163.0,114.0,202.0,120.0,320.0,232.0,443.0,241.0,196.0,283.0,126.0,70.0,73.0,63.0,86.0,95.0,90.0,93.0,152.0,495.0,682.0,1015.0,962.0,1118.0,200.0,130.0,138.0,79.0,89.0,75.0,95.0,90.0,96.0,109.0,312.0,332.0,1751.0,2148.0,2221.0,1046.0,667.0,342.0,91.0,79.0,80.0,68.0,75.0,80.0,54.0,81.0,79.0,254.0,651.0,3412.0,4024.0,2184.0,879.0,435.0,172.0,88.0,65.0,85.0,74.0,87.0,68.0,94.0,90.0,294.0,633.0,887.0,1086.0,1094.0,495.0,225.0,126.0,105.0,93.0,85.0,76.0,84.0,67.0,87.0,126.0,188.0,208.0,340.0,271.0,392.0,226.0,94.0,151.0,120.0,91.0,86.0,84.0,76.0,102.0,104.0,111.0,131.0,134.0,158.0,124.0,142.0,89.0,116.0,348.0,243.0,144.0,192.0,141.0,189.0,143.0,178.0,128.0,384.0,176.0,208.0,128.0,229.0,135.0,192.0,340,0,-1,-2,-2,-2,-2,-2,-2,-2,-2,-2,-2,-2,-1,-1,-2,-2,-2,150,True,340.96875,340.0,True,150,True,False,340.0,340.96875,340.0,150,True,150,True,True
2.792764,1778595897.954326,111,2792764,70.0,77.0,146.0,111.0,153.0,120.0,159.0,106.0,195.0,112.0,326.0,226.0,430.0,231.0,205.0,282.0,116.0,73.0,66.0,64.0,90.0,91.0,112.0,100.0,152.0,482.0,655.0,981.0,942.0,1091.0,193.0,133.0,139.0,88.0,84.0,69.0,94.0,91.0,98.0,119.0,300.0,335.0,1721.0,2137.0,2126.0,1025.0,672.0,340.0,99.0,81.0,87.0,76.0,82.0,86.0,55.0,73.0,74.0,249.0,659.0,3537.0,4074.0,2231.0,895.0,434.0,171.0,100.0,77.0,86.0,81.0,84.0,73.0,86.0,78.0,283.0,654.0,937.0,1151.0,1164.0,502.0,224.0,125.0,104.0,81.0,94.0,75.0,82.0,74.0,89.0,118.0,201.0,220.0,344.0,273.0,415.0,237.0,90.0,156.0,107.0,77.0,88.0,76.0,89.0,103.0,116.0,109.0,136.0,140.0,167.0,141.0,136.0,80.0,117.0,350.0,251.0,153.0,196.0,143.0,200.0,131.0,188.0,134.0,380.0,174.0,213.0,126.0,230.0,132.0,201.0,343,0,-1,-2,-2,-2,-2,-2,-2,-2,-2,-2,-2,-2,-1,-1,-2,-2,-2,150,True,343.2265625,343.0,True,150,True,False,343.0,343.2265625,343.0,150,True,150,True,True
2.817767,1778595897.986148,112,2817767,74.0,67.0,151.0,109.0,147.0,111.0,158.0,103.0,197.0,124.0,305.0,211.0,420.0,230.0,199.0,279.0,118.0,67.0,62.0,63.0,88.0,100.0,104.0,102.0,134.0,470.0,649.0,929.0,898.0,1072.0,198.0,133.0,132.0,79.0,84.0,75.0,89.0,91.0,105.0,115.0,288.0,320.0,1697.0,2112.0,2067.0,1010.0,671.0,343.0,90.0,70.0,82.0,68.0,78.0,78.0,59.0,74.0,62.0,241.0,658.0,3691.0,4202.0,2286.0,899.0,453.0,160.0,90.0,78.0,93.0,77.0,82.0,58.0,98.0,88.0,289.0,677.0,1007.0,1251.0,1250.0,529.0,237.0,129.0,108.0,87.0,96.0,85.0,87.0,72.0,82.0,126.0,192.0,225.0,375.0,298.0,443.0,245.0,104.0,141.0,116.0,84.0,97.0,90.0,84.0,97.0,114.0,111.0,136.0,142.0,159.0,142.0,136.0,89.0,109.0,357.0,248.0,149.0,198.0,150.0,195.0,133.0,191.0,137.0,378.0,184.0,208.0,140.0,240.0,139.0,191.0,346,0,-1,-2,-2,-2,-2,-2,-2,-2,-2,-2,-2,-2,-1,-1,-2,-2,-2,150,True,346.4375,346.0,True,150,True,False,346.0,346.4375,346.0,150,True,150,True,True
2.842767,1778595898.002518,113,2842767,66.0,67.0,154.0,103.0,157.0,120.0,162.0,104.0,200.0,112.0,306.0,196.0,407.0,232.0,200.0,280.0,120.0,64.0,72.0,62.0,85.0,89.0,106.0,89.0,145.0,468.0,626.0,908.0,874.0,1069.0,194.0,137.0,134.0,84.0,75.0,70.0,97.0,85.0,98.0,114.0,299.0,322.0,1674.0,2061.0,2053.0,1021.0,662.0,351.0,96.0,81.0,83.0,72.0,81.0,85.0,58.0,83.0,63.0,248.0,670.0,3836.0,4406.0,2378.0,926.0,456.0,158.0,86.0,73.0,79.0,94.0,72.0,57.0,93.0,84.0,303.0,719.0,1112.0,1368.0,1361.0,550.0,239.0,114.0,112.0,87.0,98.0,74.0,90.0,71.0,88.0,119.0,199.0,227.0,399.0,318.0,467.0,257.0,102.0,144.0,111.0,78.0,94.0,79.0,86.0,99.0,110.0,105.0,137.0,137.0,159.0,151.0,149.0,96.0,106.0,358.0,240.0,159.0,184.0,145.0,194.0,126.0,181.0,137.0,391.0,180.0,213.0,143.0,237.0,136.0,192.0,352,0,-1,-2,-2,-2,-2,-2,-2,-2,-2,-2,-2,-2,-1,-1,-2,-2,-2,150,True,352.5234375,352.0,True,150,True,False,352.0,352.5234375,352.0,150,True,150,True,True
2.867769,1778595898.034248,114,2867769,79.0,73.0,147.0,106.0,155.0,120.0,164.0,111.0,197.0,115.0,295.0,208.0,404.0,233.0,202.0,285.0,121.0,64.0,72.0,65.0,86.0,95.0,107.0,93.0,152.0,452.0,605.0,873.0,841.0,1049.0,199.0,132.0,133.0,80.0,80.0,67.0,98.0,85.0,118.0,104.0,301.0,320.0,1646.0,1992.0,1989.0,996.0,661.0,341.0,105.0,74.0,78.0,73.0,72.0,84.0,63.0,78.0,72.0,243.0,677.0,3958.0,4532.0,2389.0,919.0,462.0,172.0,86.0,75.0,80.0,88.0,83.0,70.0,88.0,89.0,294.0,759.0,1173.0,1454.0,1409.0,569.0,244.0,123.0,106.0,89.0,83.0,90.0,77.0,75.0,76.0,137.0,196.0,239.0,413.0,314.0,481.0,262.0,96.0,151.0,95.0,88.0,82.0,97.0,81.0,99.0,117.0,112.0,136.0,143.0,164.0,155.0,152.0,85.0,112.0,348.0,242.0,150.0,202.0,144.0,184.0,136.0,184.0,129.0,383.0,177.0,211.0,147.0,237.0,134.0,210.0,355,0,-1,-2,-2,-2,-2,-2,-2,-2,-2,-2,-2,-2,-1,-1,-2,-2,-2,150,True,355.2109375,355.0,True,150,True,False,355.0,355.2109375,355.0,150,True,150,True,True
2.892769,1778595898.066382,115,2892769,79.0,71.0,144.0,105.0,153.0,117.0,153.0,109.0,192.0,118.0,285.0,190.0,377.0,223.0,197.0,276.0,122.0,67.0,58.0,76.0,85.0,98.0,93.0,93.0,136.0,454.0,583.0,843.0,817.0,1006.0,201.0,131.0,136.0,83.0,88.0,70.0,98.0,87.0,102.0,119.0,296.0,316.0,1676.0,1949.0,1909.0,935.0,638.0,336.0,105.0,84.0,79.0,61.0,79.0,78.0,56.0,81.0,67.0,254.0,721.0,4196.0,4678.0,2377.0,911.0,436.0,168.0,86.0,77.0,90.0,89.0,78.0,71.0,95.0,85.0,302.0,840.0,1300.0,1552.0,1440.0,556.0,248.0,128.0,105.0,83.0,95.0,79.0,91.0,78.0,89.0,121.0,207.0,268.0,465.0,341.0,506.0,276.0,96.0,149.0,105.0,74.0,85.0,78.0,87.0,95.0,101.0,113.0,134.0,150.0,175.0,164.0,152.0,88.0,118.0,362.0,244.0,153.0,181.0,148.0,201.0,134.0,179.0,135.0,378.0,181.0,205.0,149.0,240.0,143.0,204.0,359,0,-1,-2,-2,-2,-2,-2,-2,-2,-2,-2,-2,-2,-1,-1,-2,-2,-2,150,True,359.0859375,359.0,True,150,True,False,359.0,359.0859375,359.0,150,True,150,True,True
2.91777,1778595898.082249,116,2917770,70.0,73.0,145.0,112.0,162.0,122.0,156.0,108.0,197.0,115.0,286.0,198.0,376.0,225.0,200.0,265.0,122.0,62.0,64.0,55.0,90.0,90.0,101.0,93.0,139.0,444.0,592.0,816.0,762.0,964.0,196.0,136.0,133.0,85.0,75.0,66.0,95.0,89.0,105.0,112.0,300.0,332.0,1710.0,1960.0,1842.0,901.0,613.0,334.0,103.0,74.0,84.0,65.0,76.0,73.0,63.0,79.0,76.0,270.0,810.0,4638.0,4887.0,2371.0,868.0,442.0,164.0,89.0,81.0,86.0,87.0,82.0,65.0,99.0,95.0,331.0,970.0,1456.0,1667.0,1507.0,574.0,246.0,124.0,105.0,86.0,97.0,83.0,88.0,64.0,89.0,139.0,218.0,279.0,494.0,370.0,521.0,286.0,99.0,146.0,116.0,83.0,86.0,79.0,86.0,104.0,107.0,110.0,145.0,164.0,195.0,172.0,155.0,95.0,108.0,350.0,239.0,168.0,187.0,149.0,198.0,130.0,191.0,130.0,396.0,178.0,199.0,157.0,241.0,134.0,191.0,368,0,-1,-2,-2,-2,-2,-2,-2,-2,-2,-2,-2,-2,-1,-1,-2,-2,-2,150,True,368.7265625,368.0,True,150,True,False,368.0,368.7265625,368.0,150,True,150,True,True
2.94277,1778595898.115939,117,2942770,74.0,77.0,148.0,109.0,159.0,121.0,157.0,115.0,192.0,112.0,284.0,176.0,364.0,225.0,198.0,282.0,117.0,71.0,74.0,59.0,94.0,96.0,110.0,99.0,136.0,440.0,585.0,806.0,734.0,921.0,177.0,140.0,133.0,81.0,83.0,68.0,98.0,82.0,91.0,126.0,312.0,336.0,1753.0,1936.0,1752.0,858.0,579.0,326.0,95.0,76.0,88.0,70.0,73.0,84.0,63.0,78.0,71.0,290.0,882.0,5054.0,5037.0,2343.0,858.0,433.0,161.0,104.0,79.0,77.0,89.0,85.0,75.0,99.0,88.0,340.0,1082.0,1634.0,1803.0,1575.0,569.0,246.0,127.0,113.0,81.0,93.0,74.0,90.0,70.0,91.0,134.0,233.0,299.0,540.0,382.0,538.0,287.0,98.0,137.0,110.0,87.0,81.0,88.0,93.0,93.0,122.0,119.0,146.0,164.0,189.0,175.0,160.0,90.0,107.0,357.0,246.0,155.0,180.0,146.0,190.0,136.0,188.0,129.0,382.0,176.0,209.0,148.0,229.0,130.0,205.0,376,0,-1,-2,-2,-2,-2,-2,-2,-2,-2,-2,-2,-2,-1,-1,-2,-2,-2,150,True,376.4375,376.0,True,150,True,False,376.0,376.4375,376.0,150,True,150,True,True
2.96777,1778595898.140605,118,2967770,74.0,66.0,149.0,108.0,153.0,117.0,170.0,117.0,200.0,109.0,277.0,183.0,358.0,218.0,203.0,282.0,109.0,65.0,72.0,60.0,95.0,100.0,110.0,102.0,143.0,438.0,576.0,769.0,713.0,901.0,186.0,137.0,139.0,80.0,85.0,70.0,100.0,89.0,101.0,109.0,299.0,335.0,1754.0,1905.0,1685.0,836.0,568.0,321.0,100.0,69.0,86.0,63.0,82.0,83.0,63.0,85.0,60.0,292.0,917.0,5266.0,5143.0,2374.0,852.0,424.0,167.0,94.0,73.0,86.0,76.0,91.0,71.0,94.0,88.0,345.0,1140.0,1746.0,1892.0,1640.0,568.0,240.0,122.0,103.0,85.0,98.0,76.0,88.0,77.0,88.0,143.0,232.0,315.0,572.0,404.0,565.0,306.0,112.0,137.0,109.0,84.0,87.0,82.0,77.0,96.0,112.0,115.0,157.0,175.0,194.0,168.0,159.0,95.0,119.0,347.0,241.0,161.0,180.0,144.0,187.0,138.0,188.0,127.0,385.0,189.0,219.0,146.0,235.0,129.0,199.0,381,0,-1,-2,-2,-2,-2,-2,-2,-2,-2,-2,-2,-2,-1,-1,-2,-2,-2,150,True,381.0390625,381.0,True,150,True,False,381.0,381.0390625,381.0,150,True,150,True,True
2.992775,1778595898.165425,119,2992775,64.0,73.0,146.0,107.0,153.0,120.0,166.0,104.0,186.0,117.0,275.0,177.0,368.0,215.0,205.0,289.0,114.0,77.0,63.0,62.0,86.0,101.0,100.0,94.0,141.0,435.0,551.0,759.0,682.0,896.0,181.0,136.0,132.0,85.0,86.0,66.0,93.0,87.0,106.0,122.0,295.0,323.0,1702.0,1817.0,1669.0,842.0,573.0,310.0,92.0,70.0,84.0,71.0,72.0,81.0,52.0,82.0,72.0,298.0,886.0,5246.0,5214.0,2403.0,842.0,426.0,166.0,89.0,69.0,84.0,79.0,87.0,72.0,92.0,89.0,352.0,1130.0,1792.0,1943.0,1704.0,585.0,248.0,128.0,104.0,80.0,92.0,76.0,93.0,69.0,87.0,144.0,230.0,315.0,566.0,416.0,597.0,315.0,100.0,143.0,106.0,83.0,88.0,88.0,78.0,103.0,114.0,109.0,150.0,167.0,196.0,176.0,167.0,105.0,117.0,353.0,237.0,163.0,192.0,147.0,188.0,131.0,186.0,135.0,389.0,185.0,212.0,148.0,239.0,132.0,196.0,380,0,-1,-2,-2,-2,-2,-2,-2,-2,-2,-2,-2,-2,-1,-1,-2,-2,-2,150,True,380.921875,380.0,True,150,True,False,380.0,380.921875,380.0,150,True,150,True,True
3.017776,1778595898.191451,120,3017776,81.0,71.0,149.0,108.0,160.0,117.0,160.0,108.0,194.0,119.0,262.0,173.0,349.0,217.0,198.0,283.0,123.0,65.0,62.0,70.0,89.0,90.0,114.0,99.0,136.0,424.0,537.0,733.0,693.0,900.0,177.0,136.0,131.0,85.0,83.0,65.0,92.0,89.0,100.0,125.0,299.0,328.0,1635.0,1733.0,1689.0,877.0,585.0,328.0,88.0,76.0,89.0,64.0,74.0,79.0,56.0,73.0,57.0,282.0,850.0,5139.0,5389.0,2574.0,888.0,443.0,174.0,89.0,73.0,80.0,87.0,83.0,74.0,90.0,84.0,340.0,1072.0,1778.0,2027.0,1850.0,627.0,247.0,129.0,105.0,92.0,93.0,88.0,83.0,79.0,86.0,130.0,231.0,310.0,582.0,425.0,608.0,336.0,107.0,148.0,105.0,90.0,83.0,89.0,78.0,97.0,108.0,109.0,160.0,177.0,211.0,181.0,167.0,91.0,107.0,341.0,246.0,160.0,185.0,153.0,193.0,135.0,186.0,135.0,390.0,177.0,208.0,139.0,248.0,138.0,194.0,383,0,-1,-2,-2,-2,-2,-2,-2,-2,-2,-2,-2,-2,-1,-1,-2,-2,-2,150,True,383.984375,383.0,True,150,True,False,383.0,383.984375,383.0,150,True,150,True,True
3.042777,1778595898.216329,121,3042777,69.0,75.0,150.0,105.0,149.0,115.0,160.0,105.0,203.0,117.0,268.0,166.0,338.0,222.0,195.0,277.0,110.0,57.0,65.0,59.0,89.0,93.0,97.0,100.0,145.0,412.0,524.0,728.0,687.0,937.0,197.0,142.0,138.0,77.0,90.0,70.0,99.0,92.0,97.0,105.0,278.0,302.0,1515.0,1629.0,1704.0,924.0,612.0,335.0,95.0,78.0,95.0,73.0,80.0,79.0,56.0,75.0,72.0,254.0,773.0,4845.0,5562.0,2820.0,960.0,464.0,181.0,88.0,82.0,81.0,88.0,85.0,72.0,102.0,89.0,316.0,962.0,1701.0,2080.0,2012.0,685.0,262.0,120.0,105.0,81.0,85.0,77.0,84.0,78.0,81.0,133.0,232.0,289.0,567.0,416.0,650.0,351.0,114.0,143.0,113.0,79.0,88.0,78.0,85.0,96.0,112.0,106.0,144.0,168.0,204.0,187.0,172.0,94.0,128.0,347.0,251.0,168.0,199.0,140.0,187.0,134.0,188.0,140.0,390.0,180.0,205.0,149.0,254.0,134.0,197.0,384,0,-1,-2,-2,-2,-2,-2,-2,-2,-2,-2,-2,-2,-1,-1,-2,-2,-2,150,True,384.4765625,384.0,True,150,True,False,384.0,384.4765625,384.0,150,True,150,True,True
3.067779,1778595898.240414,122,3067779,75.0,66.0,145.0,104.0,157.0,119.0,161.0,108.0,191.0,112.0,265.0,175.0,334.0,216.0,193.0,282.0,123.0,60.0,58.0,62.0,83.0,109.0,107.0,84.0,135.0,401.0,503.0,708.0,699.0,969.0,202.0,133.0,131.0,70.0,76.0,74.0,95.0,86.0,95.0,113.0,281.0,285.0,1408.0,1549.0,1760.0,989.0,650.0,356.0,104.0,81.0,75.0,64.0,78.0,81.0,55.0,83.0,72.0,246.0,686.0,4534.0,5693.0,3036.0,1026.0,480.0,169.0,89.0,79.0,87.0,88.0,82.0,71.0,89.0,77.0,289.0,859.0,1616.0,2101.0,2149.0,718.0,270.0,115.0,108.0,82.0,87.0,80.0,81.0,71.0,86.0,121.0,216.0,271.0,526.0,431.0,655.0,367.0,104.0,136.0,109.0,72.0,92.0,92.0,96.0,95.0,104.0,119.0,132.0,161.0,191.0,163.0,180.0,94.0,116.0,372.0,253.0,158.0,188.0,136.0,198.0,137.0,184.0,131.0,390.0,180.0,224.0,150.0,247.0,138.0,195.0,382,0,-1,-2,-2,-2,-2,-2,-2,-2,-2,-2,-2,-2,-1,-1,-2,-2,-2,150,True,382.953125,382.0,True,150,True,False,382.0,382.953125,382.0,150,True,150,True,True
3.092779,1778595898.256266,123,3092779,72.0,73.0,147.0,103.0,153.0,121.0,158.0,101.0,196.0,120.0,251.0,178.0,335.0,216.0,198.0,275.0,117.0,67.0,77.0,62.0,88.0,89.0,108.0,102.0,138.0,392.0,499.0,689.0,718.0,992.0,197.0,128.0,139.0,88.0,82.0,70.0,88.0,96.0,97.0,121.0,272.0,294.0,1356.0,1520.0,1816.0,1041.0,681.0,357.0,96.0,70.0,82.0,80.0,82.0,72.0,57.0,77.0,67.0,233.0,625.0,4279.0,5752.0,3179.0,1058.0,516.0,166.0,86.0,78.0,89.0,90.0,80.0,67.0,93.0,89.0,286.0,780.0,1528.0,2083.0,2189.0,747.0,288.0,116.0,100.0,86.0,97.0,84.0,83.0,89.0,89.0,132.0,216.0,259.0,499.0,413.0,663.0,374.0,101.0,148.0,112.0,78.0,88.0,85.0,88.0,103.0,112.0,119.0,144.0,157.0,194.0,174.0,182.0,99.0,116.0,359.0,243.0,167.0,195.0,146.0,184.0,137.0,179.0,126.0,393.0,177.0,215.0,144.0,249.0,134.0,200.0,382,0,-1,-2,-2,-2,-2,-2,-2,-2,-2,-2,-2,-2,-1,-1,-2,-2,-2,150,True,382.734375,382.0,True,150,True,False,382.0,382.734375,382.0,150,True,150,True,True
3.117781,1778595898.287824,124,3117781,81.0,79.0,151.0,108.0,156.0,124.0,164.0,104.0,202.0,113.0,263.0,160.0,343.0,223.0,194.0,269.0,125.0,66.0,61.0,67.0,90.0,90.0,110.0,88.0,136.0,396.0,492.0,720.0,737.0,1014.0,201.0,135.0,144.0,71.0,84.0,60.0,97.0,90.0,103.0,124.0,268.0,283.0,1357.0,1540.0,1863.0,1062.0,691.0,366.0,99.0,78.0,87.0,73.0,71.0,80.0,57.0,82.0,59.0,222.0,606.0,4136.0,5725.0,3202.0,1068.0,510.0,173.0,92.0,78.0,87.0,85.0,81.0,71.0,95.0,85.0,266.0,725.0,1437.0,1994.0,2157.0,733.0,278.0,130.0,114.0,84.0,90.0,75.0,90.0,82.0,86.0,128.0,200.0,251.0,469.0,402.0,643.0,361.0,107.0,141.0,115.0,74.0,89.0,86.0,76.0,92.0,104.0,108.0,136.0,152.0,186.0,172.0,177.0,101.0,117.0,345.0,252.0,156.0,184.0,143.0,201.0,130.0,189.0,124.0,377.0,185.0,213.0,162.0,240.0,131.0,206.0,379,0,-1,-2,-2,-2,-2,-2,-2,-2,-2,-2,-2,-2,-1,-1,-2,-2,-2,150,True,379.1640625,379.0,True,150,True,False,379.0,379.1640625,379.0,150,True,150,True,True
3.142779,1778595898.313591,125,3142779,73.0,79.0,148.0,115.0,157.0,122.0,157.0,108.0,193.0,115.0,260.0,156.0,342.0,221.0,192.0,282.0,118.0,75.0,63.0,58.0,81.0,93.0,105.0,97.0,134.0,399.0,520.0,742.0,775.0,1056.0,200.0,140.0,134.0,83.0,85.0,68.0,90.0,93.0,100.0,125.0,272.0,279.0,1403.0,1608.0,1950.0,1093.0,684.0,357.0,94.0,82.0,88.0,72.0,78.0,73.0,54.0,84.0,57.0,233.0,613.0,4083.0,5695.0,3161.0,1051.0,512.0,171.0,86.0,75.0,81.0,89.0,82.0,72.0,91.0,80.0,281.0,696.0,1346.0,1868.0,2024.0,700.0,275.0,134.0,107.0,80.0,103.0,72.0,89.0,84.0,87.0,127.0,214.0,233.0,453.0,378.0,620.0,355.0,101.0,151.0,120.0,76.0,86.0,95.0,88.0,91.0,106.0,114.0,137.0,153.0,172.0,156.0,179.0,92.0,112.0,357.0,249.0,152.0,195.0,145.0,191.0,136.0,182.0,134.0,386.0,177.0,197.0,144.0,253.0,143.0,195.0,376,0,-1,-2,-2,-2,-2,-2,-2,-2,-2,-2,-2,-2,-1,-1,-2,-2,-2,150,True,376.9375,376.0,True,150,True,False,376.0,376.9375,376.0,150,True,150,True,True
3.167782,1778595898.347078,126,3167782,72.0,73.0,139.0,99.0,145.0,128.0,158.0,106.0,189.0,122.0,271.0,177.0,361.0,224.0,197.0,278.0,107.0,73.0,64.0,69.0,84.0,96.0,105.0,98.0,132.0,414.0,552.0,799.0,833.0,1116.0,207.0,126.0,132.0,80.0,89.0,65.0,91.0,94.0,90.0,118.0,271.0,304.0,1491.0,1792.0,2158.0,1165.0,703.0,366.0,91.0,74.0,88.0,70.0,72.0,80.0,55.0,75.0,58.0,223.0,611.0,4167.0,5795.0,3172.0,1047.0,505.0,159.0,87.0,73.0,85.0,90.0,85.0,68.0,90.0,82.0,270.0,670.0,1275.0,1752.0,1902.0,672.0,270.0,129.0,111.0,88.0,89.0,81.0,84.0,75.0,88.0,122.0,189.0,227.0,415.0,359.0,576.0,329.0,106.0,144.0,111.0,88.0,85.0,87.0,73.0,103.0,120.0,105.0,140.0,149.0,160.0,161.0,166.0,88.0,111.0,349.0,238.0,169.0,189.0,153.0,191.0,142.0,181.0,129.0,391.0,170.0,228.0,160.0,233.0,142.0,206.0,380,0,-1,-2,-2,-2,-2,-2,-2,-2,-2,-2,-2,-2,-1,-1,-2,-2,-2,150,True,380.203125,380.0,True,150,True,False,380.0,380.203125,380.0,150,True,150,True,True
3.192782,1778595898.374937,127,3192782,73.0,80.0,137.0,108.0,161.0,110.0,166.0,115.0,196.0,118.0,282.0,193.0,397.0,234.0,201.0,277.0,120.0,77.0,63.0,57.0,82.0,94.0,102.0,89.0,138.0,415.0,582.0,897.0,922.0,1197.0,222.0,129.0,130.0,87.0,88.0,69.0,97.0,79.0,105.0,119.0,277.0,301.0,1571.0,1991.0,2385.0,1243.0,741.0,371.0,102.0,79.0,89.0,63.0,79.0,76.0,62.0,76.0,62.0,232.0,606.0,4142.0,5831.0,3184.0,1054.0,509.0,166.0,95.0,69.0,86.0,83.0,79.0,71.0,94.0,91.0,266.0,611.0,1162.0,1593.0,1777.0,657.0,263.0,120.0,110.0,80.0,90.0,76.0,79.0,72.0,95.0,128.0,186.0,212.0,385.0,331.0,534.0,310.0,99.0,136.0,114.0,87.0,78.0,84.0,81.0,97.0,109.0,106.0,140.0,150.0,150.0,145.0,163.0,88.0,121.0,350.0,245.0,159.0,188.0,149.0,194.0,136.0,177.0,137.0,383.0,177.0,219.0,162.0,246.0,130.0,184.0,383,0,-1,-2,-2,-2,-2,-2,-2,-2,-2,-2,-2,-2,-1,-1,-2,-2,-2,150,True,383.5078125,383.0,True,150,True,False,383.0,383.5078125,383.0,150,True,150,True,True
3.217783,1778595898.399387,128,3217783,70.0,70.0,151.0,106.0,153.0,119.0,167.0,111.0,201.0,118.0,292.0,204.0,403.0,238.0,193.0,282.0,121.0,70.0,58.0,57.0,94.0,86.0,103.0,100.0,139.0,435.0,627.0,958.0,1001.0,1263.0,229.0,134.0,139.0,83.0,79.0,59.0,100.0,96.0,100.0,123.0,271.0,297.0,1644.0,2138.0,2518.0,1287.0,748.0,366.0,99.0,80.0,88.0,70.0,70.0,77.0,48.0,73.0,64.0,223.0,595.0,4018.0,5652.0,3085.0,1031.0,506.0,168.0,84.0,78.0,88.0,82.0,80.0,75.0,84.0,76.0,253.0,568.0,1020.0,1386.0,1599.0,611.0,246.0,129.0,98.0,86.0,94.0,80.0,97.0,80.0,94.0,121.0,188.0,186.0,351.0,281.0,481.0,295.0,101.0,140.0,109.0,78.0,84.0,88.0,80.0,95.0,94.0,111.0,133.0,144.0,145.0,145.0,151.0,89.0,114.0,359.0,245.0,163.0,190.0,140.0,191.0,136.0,188.0,128.0,383.0,183.0,234.0,145.0,239.0,131.0,198.0,378,0,-1,-2,-2,-2,-2,-2,-2,-2,-2,-2,-2,-2,-1,-1,-2,-2,-2,150,True,378.8515625,378.0,True,150,True,False,378.0,378.8515625,378.0,150,True,150,True,True
3.242783,1778595898.415465,129,3242783,77.0,77.0,145.0,106.0,149.0,120.0,154.0,121.0,200.0,122.0,299.0,213.0,419.0,254.0,211.0,287.0,118.0,69.0,61.0,64.0,88.0,94.0,112.0,92.0,153.0,450.0,657.0,1018.0,1028.0,1264.0,228.0,142.0,144.0,82.0,83.0,62.0,89.0,78.0,93.0,120.0,268.0,296.0,1733.0,2259.0,2623.0,1281.0,728.0,357.0,103.0,81.0,85.0,71.0,72.0,85.0,55.0,73.0,71.0,223.0,598.0,3872.0,5330.0,2859.0,965.0,471.0,167.0,89.0,77.0,77.0,78.0,81.0,66.0,96.0,82.0,253.0,539.0,937.0,1238.0,1373.0,550.0,245.0,136.0,112.0,91.0,87.0,79.0,86.0,80.0,87.0,127.0,183.0,186.0,331.0,279.0,438.0,261.0,94.0,140.0,112.0,80.0,82.0,89.0,86.0,97.0,117.0,99.0,126.0,141.0,152.0,153.0,140.0,84.0,115.0,357.0,237.0,164.0,191.0,143.0,193.0,135.0,193.0,136.0,387.0,176.0,208.0,125.0,244.0,144.0,195.0,371,0,-1,-2,-2,-2,-2,-2,-2,-2,-2,-2,-2,-2,-1,-1,-2,-2,-2,150,True,371.46875,371.0,True,150,True,False,371.0,371.46875,371.0,150,True,150,True,True
3.267783,1778595898.447165,130,3267783,72.0,70.0,144.0,110.0,154.0,115.0,158.0,108.0,192.0,114.0,306.0,217.0,414.0,248.0,201.0,296.0,126.0,68.0,63.0,61.0,90.0,98.0,104.0,98.0,146.0,463.0,673.0,1026.0,1076.0,1289.0,223.0,138.0,138.0,80.0,74.0,70.0,89.0,94.0,99.0,112.0,277.0,322.0,1726.0,2254.0,2684.0,1298.0,731.0,363.0,95.0,69.0,88.0,73.0,79.0,76.0,65.0,72.0,68.0,214.0,582.0,3567.0,5076.0,2733.0,922.0,455.0,172.0,103.0,75.0,88.0,85.0,75.0,72.0,99.0,80.0,266.0,517.0,833.0,1147.0,1238.0,529.0,237.0,130.0,116.0,93.0,85.0,84.0,79.0,75.0,89.0,115.0,183.0,185.0,312.0,262.0,416.0,257.0,84.0,142.0,102.0,84.0,79.0,87.0,91.0,100.0,105.0,110.0,134.0,130.0,158.0,139.0,142.0,79.0,113.0,350.0,238.0,152.0,187.0,157.0,202.0,145.0,183.0,130.0,383.0,182.0,208.0,141.0,240.0,129.0,196.0,363,0,-1,-2,-2,-2,-2,-2,-2,-2,-2,-2,-2,-2,-1,-1,-2,-2,-2,150,True,363.3203125,363.0,True,150,True,False,363.0,363.3203125,363.0,150,True,150,True,True
3.292787,1778595898.464901,131,3292787,86.0,71.0,143.0,114.0,165.0,119.0,160.0,107.0,194.0,106.0,303.0,207.0,435.0,253.0,203.0,278.0,120.0,63.0,57.0,62.0,88.0,102.0,102.0,89.0,135.0,459.0,656.0,1028.0,1103.0,1333.0,226.0,140.0,136.0,85.0,84.0,70.0,97.0,84.0,97.0,119.0,279.0,312.0,1649.0,2178.0,2755.0,1340.0,743.0,358.0,100.0,70.0,75.0,67.0,76.0,77.0,63.0,69.0,61.0,224.0,533.0,3129.0,4856.0,2705.0,931.0,447.0,160.0,93.0,73.0,75.0,79.0,86.0,79.0,91.0,79.0,248.0,478.0,761.0,1073.0,1181.0,520.0,230.0,123.0,101.0,89.0,87.0,74.0,93.0,68.0,82.0,121.0,179.0,177.0,287.0,272.0,409.0,233.0,95.0,143.0,116.0,80.0,89.0,85.0,81.0,88.0,111.0,119.0,128.0,134.0,133.0,143.0,148.0,78.0,112.0,351.0,259.0,160.0,199.0,160.0,183.0,134.0,184.0,134.0,391.0,179.0,216.0,139.0,239.0,132.0,193.0,354,0,-1,-2,-2,-2,-2,-2,-2,-2,-2,-2,-2,-2,-1,-1,-2,-2,-2,150,True,354.7890625,354.0,True,150,True,False,354.0,354.7890625,354.0,150,True,150,True,True
3.317789,1778595898.487399,132,3317789,72.0,72.0,134.0,110.0,161.0,116.0,164.0,112.0,194.0,108.0,310.0,215.0,440.0,253.0,207.0,285.0,122.0,72.0,70.0,56.0,95.0,94.0,106.0,97.0,141.0,463.0,671.0,1041.0,1138.0,1340.0,236.0,136.0,134.0,85.0,76.0,65.0,100.0,89.0,110.0,121.0,275.0,302.0,1625.0,2145.0,2822.0,1339.0,742.0,357.0,97.0,73.0,80.0,75.0,69.0,72.0,56.0,76.0,71.0,219.0,500.0,2819.0,4595.0,2564.0,902.0,431.0,166.0,93.0,70.0,80.0,81.0,88.0,70.0,94.0,87.0,241.0,456.0,714.0,1002.0,1081.0,475.0,237.0,132.0,103.0,84.0,95.0,84.0,85.0,74.0,81.0,117.0,176.0,173.0,291.0,253.0,371.0,233.0,89.0,140.0,104.0,72.0,79.0,87.0,87.0,87.0,102.0,109.0,126.0,130.0,127.0,139.0,142.0,83.0,106.0,359.0,246.0,153.0,187.0,147.0,192.0,136.0,171.0,128.0,382.0,176.0,199.0,142.0,242.0,137.0,192.0,346,0,-1,-2,-2,-2,-2,-2,-2,-2,-2,-2,-2,-2,-2,-1,-2,-2,-2,150,True,346.109375,346.0,True,150,True,False,346.0,346.109375,346.0,150,True,150,True,True
3.3433,1778595898.510906,133,3343300,63.0,70.0,142.0,107.0,160.0,111.0,162.0,101.0,198.0,118.0,312.0,226.0,432.0,262.0,203.0,294.0,121.0,74.0,66.0,65.0,85.0,93.0,97.0,95.0,144.0,468.0,667.0,1057.0,1127.0,1376.0,246.0,132.0,138.0,84.0,83.0,65.0,93.0,88.0,101.0,113.0,273.0,314.0,1503.0,1971.0,2762.0,1370.0,758.0,352.0,101.0,72.0,89.0,70.0,74.0,74.0,65.0,70.0,72.0,214.0,470.0,2292.0,4075.0,2477.0,911.0,442.0,167.0,88.0,72.0,78.0,85.0,78.0,65.0,101.0,83.0,232.0,423.0,601.0,868.0,998.0,470.0,222.0,130.0,114.0,93.0,88.0,88.0,96.0,61.0,93.0,112.0,176.0,165.0,250.0,223.0,350.0,218.0,84.0,150.0,120.0,81.0,69.0,80.0,88.0,98.0,103.0,104.0,127.0,130.0,124.0,140.0,135.0,76.0,113.0,351.0,257.0,154.0,191.0,147.0,192.0,136.0,184.0,135.0,387.0,168.0,193.0,140.0,231.0,127.0,191.0,331,0,-1,-2,-2,-2,-2,-2,-2,-2,-2,-2,-2,-2,-2,-1,-2,-2,-2,150,True,331.28125,331.0,True,150,True,False,331.0,331.28125,331.0,150,True,150,True,True
3.368302,1778595898.527552,134,3368302,69.0,70.0,141.0,112.0,159.0,114.0,143.0,101.0,195.0,114.0,302.0,216.0,435.0,266.0,212.0,294.0,123.0,74.0,63.0,58.0,79.0,86.0,105.0,84.0,151.0,462.0,611.0,952.0,1175.0,1541.0,296.0,137.0,135.0,87.0,90.0,79.0,98.0,89.0,101.0,122.0,262.0,297.0,1169.0,1312.0,2860.0,1607.0,977.0,384.0,93.0,78.0,87.0,58.0,83.0,86.0,55.0,83.0,70.0,199.0,345.0,1295.0,3574.0,2735.0,1092.0,485.0,172.0,89.0,75.0,80.0,85.0,80.0,66.0,95.0,89.0,224.0,363.0,471.0,780.0,1041.0,510.0,225.0,121.0,105.0,86.0,77.0,88.0,89.0,62.0,93.0,121.0,167.0,147.0,215.0,211.0,359.0,222.0,88.0,142.0,109.0,78.0,85.0,83.0,84.0,88.0,106.0,102.0,121.0,129.0,121.0,140.0,134.0,87.0,117.0,356.0,245.0,152.0,191.0,143.0,192.0,136.0,181.0,145.0,389.0,175.0,185.0,144.0,225.0,128.0,210.0,317,0,-1,-2,-2,-2,-2,-2,-2,-2,-2,-2,-2,-2,-2,-1,-2,-2,-2,150,True,317.546875,317.0,True,150,True,False,317.0,317.546875,317.0,150,True,150,True,True
3.393302,1778595898.565708,135,3393302,63.0,73.0,148.0,104.0,155.0,123.0,167.0,105.0,195.0,120.0,308.0,218.0,448.0,254.0,197.0,283.0,120.0,72.0,64.0,65.0,93.0,92.0,103.0,89.0,131.0,441.0,568.0,875.0,1203.0,1669.0,332.0,146.0,139.0,94.0,87.0,76.0,93.0,92.0,101.0,111.0,264.0,258.0,966.0,939.0,2730.0,1742.0,1193.0,409.0,97.0,78.0,79.0,70.0,68.0,80.0,59.0,72.0,61.0,181.0,286.0,784.0,2765.0,2732.0,1241.0,501.0,166.0,88.0,70.0,86.0,82.0,81.0,68.0,97.0,91.0,216.0,304.0,380.0,665.0,972.0,517.0,239.0,134.0,102.0,87.0,87.0,80.0,85.0,72.0,83.0,119.0,162.0,147.0,206.0,203.0,324.0,199.0,93.0,143.0,114.0,78.0,83.0,84.0,71.0,99.0,116.0,116.0,125.0,117.0,118.0,123.0,122.0,75.0,106.0,359.0,255.0,156.0,197.0,143.0,196.0,130.0,180.0,146.0,383.0,180.0,185.0,142.0,240.0,141.0,199.0,302,0,-1,-2,-2,-2,-2,-2,-2,-2,-2,-2,-2,-2,-2,-2,-2,-2,-2,150,True,302.3359375,302.0,True,150,True,False,302.0,302.3359375,302.0,150,True,150,True,True
3.418819,1778595898.589119,136,3418819,78.0,80.0,150.0,106.0,147.0,124.0,151.0,105.0,201.0,110.0,299.0,222.0,475.0,258.0,204.0,278.0,110.0,67.0,71.0,57.0,88.0,90.0,101.0,105.0,133.0,433.0,584.0,888.0,1268.0,1614.0,335.0,134.0,139.0,82.0,91.0,56.0,95.0,86.0,94.0,114.0,260.0,271.0,974.0,898.0,2597.0,1550.0,1098.0,386.0,102.0,84.0,83.0,67.0,69.0,73.0,62.0,70.0,60.0,169.0,280.0,677.0,2235.0,2193.0,1077.0,448.0,165.0,84.0,80.0,78.0,89.0,81.0,67.0,95.0,90.0,211.0,284.0,333.0,536.0,747.0,444.0,217.0,136.0,118.0,94.0,96.0,84.0,88.0,75.0,78.0,114.0,143.0,134.0,180.0,172.0,292.0,186.0,89.0,140.0,114.0,82.0,82.0,88.0,86.0,92.0,104.0,107.0,127.0,120.0,115.0,102.0,115.0,86.0,114.0,351.0,247.0,151.0,196.0,164.0,186.0,136.0,185.0,150.0,382.0,178.0,179.0,128.0,224.0,135.0,199.0,282,0,-1,-2,-2,-2,-2,-2,-2,-2,-2,-2,-2,-2,-2,-2,-2,-2,-2,150,True,282.4296875,282.0,True,150,True,False,282.0,282.4296875,282.0,150,True,150,True,True
3.443818,1778595898.604961,137,3443818,78.0,74.0,144.0,117.0,148.0,123.0,157.0,107.0,195.0,118.0,310.0,226.0,487.0,261.0,201.0,287.0,111.0,64.0,63.0,63.0,91.0,86.0,106.0,96.0,133.0,452.0,604.0,899.0,1238.0,1566.0,318.0,147.0,131.0,83.0,80.0,64.0,98.0,90.0,100.0,108.0,252.0,268.0,994.0,856.0,2403.0,1410.0,1038.0,382.0,97.0,79.0,85.0,72.0,73.0,76.0,55.0,71.0,58.0,172.0,273.0,612.0,1822.0,1847.0,978.0,418.0,166.0,86.0,69.0,85.0,82.0,87.0,71.0,91.0,89.0,202.0,295.0,315.0,473.0,632.0,387.0,220.0,120.0,94.0,87.0,87.0,87.0,81.0,72.0,85.0,101.0,159.0,130.0,168.0,153.0,241.0,166.0,84.0,148.0,110.0,80.0,77.0,87.0,88.0,92.0,112.0,105.0,121.0,117.0,105.0,98.0,121.0,87.0,107.0,351.0,247.0,158.0,190.0,152.0,197.0,136.0,174.0,138.0,373.0,171.0,185.0,120.0,220.0,137.0,206.0,267,0,-1,-2,-2,-2,-2,-2,-2,-2,-2,-2,-2,-2,-2,-2,-2,-2,-2,150,True,267.890625,267.0,True,150,True,False,267.0,267.890625,267.0,150,True,150,True,True
3.468819,1778595898.642766,138,3468819,74.0,68.0,147.0,107.0,152.0,120.0,154.0,104.0,196.0,112.0,323.0,247.0,504.0,258.0,208.0,279.0,115.0,56.0,64.0,68.0,88.0,94.0,93.0,94.0,142.0,470.0,641.0,946.0,1316.0,1624.0,332.0,133.0,131.0,80.0,86.0,72.0,97.0,88.0,107.0,109.0,250.0,283.0,1033.0,855.0,2452.0,1436.0,1079.0,380.0,90.0,84.0,77.0,70.0,65.0,82.0,64.0,70.0,63.0,182.0,284.0,585.0,1719.0,1814.0,985.0,416.0,166.0,86.0,78.0,83.0,87.0,81.0,71.0,84.0,84.0,214.0,295.0,307.0,455.0,612.0,378.0,207.0,133.0,107.0,85.0,90.0,67.0,84.0,68.0,79.0,98.0,151.0,129.0,170.0,154.0,242.0,164.0,85.0,150.0,104.0,79.0,86.0,87.0,82.0,96.0,107.0,97.0,127.0,105.0,108.0,96.0,111.0,75.0,113.0,355.0,241.0,166.0,196.0,142.0,188.0,134.0,184.0,124.0,373.0,166.0,175.0,117.0,221.0,123.0,185.0,268,0,-1,-2,-2,-2,-2,-2,-2,-2,-2,-2,-2,-2,-2,-2,-2,-2,-2,150,True,268.9375,268.0,True,150,True,False,268.0,268.9375,268.0,150,True,150,True,True
3.49382,1778595898.669049,139,3493820,69.0,68.0,145.0,102.0,149.0,110.0,153.0,108.0,190.0,122.0,341.0,270.0,557.0,282.0,206.0,281.0,112.0,57.0,58.0,71.0,85.0,90.0,111.0,100.0,141.0,483.0,697.0,1064.0,1414.0,1650.0,325.0,140.0,128.0,78.0,74.0,62.0,95.0,94.0,102.0,105.0,272.0,291.0,1130.0,912.0,2518.0,1406.0,1005.0,359.0,101.0,74.0,90.0,72.0,79.0,79.0,65.0,79.0,65.0,187.0,300.0,604.0,1607.0,1620.0,879.0,379.0,160.0,87.0,73.0,78.0,89.0,78.0,70.0,81.0,93.0,200.0,294.0,309.0,407.0,530.0,330.0,194.0,123.0,105.0,84.0,84.0,87.0,92.0,68.0,87.0,95.0,151.0,130.0,160.0,136.0,219.0,154.0,86.0,145.0,104.0,89.0,89.0,80.0,78.0,103.0,105.0,109.0,120.0,116.0,109.0,92.0,105.0,85.0,97.0,348.0,239.0,141.0,197.0,153.0,203.0,134.0,182.0,128.0,391.0,156.0,180.0,111.0,224.0,126.0,196.0,268,0,-1,-2,-2,-2,-2,-2,-2,-2,-2,-2,-2,-2,-2,-2,-2,-2,-2,150,True,268.2109375,268.0,True,150,True,False,268.0,268.2109375,268.0,150,True,150,True,True
3.518823,1778595898.700679,140,3518823,67.0,82.0,149.0,122.0,152.0,119.0,158.0,100.0,202.0,119.0,413.0,358.0,662.0,303.0,213.0,291.0,114.0,68.0,73.0,72.0,92.0,96.0,104.0,100.0,150.0,575.0,902.0,1406.0,1719.0,1700.0,305.0,143.0,130.0,80.0,80.0,71.0,83.0,84.0,96.0,111.0,283.0,335.0,1561.0,1405.0,3089.0,1407.0,850.0,326.0,94.0,75.0,80.0,64.0,80.0,81.0,62.0,69.0,65.0,201.0,392.0,895.0,1952.0,1535.0,731.0,325.0,168.0,86.0,70.0,87.0,86.0,72.0,78.0,89.0,85.0,230.0,336.0,346.0,422.0,465.0,297.0,187.0,126.0,107.0,83.0,86.0,84.0,82.0,81.0,80.0,109.0,163.0,133.0,174.0,142.0,220.0,128.0,87.0,137.0,111.0,79.0,86.0,84.0,81.0,95.0,97.0,102.0,117.0,116.0,104.0,94.0,98.0,80.0,105.0,366.0,236.0,154.0,202.0,143.0,194.0,137.0,184.0,128.0,370.0,171.0,184.0,132.0,229.0,134.0,192.0,293,0,-1,-2,-2,-2,-2,-2,-2,-2,-2,-2,-2,-2,-2,-2,-2,-2,-2,150,True,293.375,293.0,True,150,True,False,293.0,293.375,293.0,150,True,150,True,True
3.543823,1778595898.716764,141,3543823,68.0,73.0,140.0,109.0,155.0,117.0,159.0,110.0,197.0,135.0,476.0,448.0,795.0,322.0,199.0,290.0,106.0,66.0,63.0,58.0,83.0,102.0,97.0,99.0,151.0,680.0,1144.0,1840.0,2012.0,1748.0,291.0,135.0,131.0,82.0,77.0,67.0,81.0,91.0,100.0,116.0,304.0,394.0,2115.0,2262.0,3836.0,1414.0,772.0,320.0,101.0,81.0,81.0,59.0,66.0,83.0,66.0,72.0,68.0,247.0,511.0,1437.0,2561.0,1564.0,680.0,313.0,174.0,93.0,75.0,96.0,83.0,81.0,71.0,94.0,86.0,242.0,394.0,403.0,448.0,465.0,274.0,182.0,126.0,106.0,87.0,94.0,73.0,82.0,74.0,88.0,96.0,166.0,152.0,184.0,153.0,201.0,136.0,91.0,147.0,105.0,89.0,84.0,73.0,75.0,95.0,93.0,92.0,128.0,119.0,110.0,96.0,104.0,79.0,104.0,357.0,243.0,160.0,202.0,141.0,188.0,131.0,184.0,134.0,387.0,173.0,186.0,124.0,224.0,130.0,200.0,332,0,-1,-2,-2,-2,-2,-2,-2,-2,-2,-2,-2,-2,-2,-2,-2,-2,-2,150,True,332.3984375,332.0,True,150,True,False,332.0,332.3984375,332.0,150,True,150,True,True
3.568823,1778595898.732672,142,3568823,80.0,67.0,145.0,107.0,154.0,124.0,164.0,104.0,192.0,142.0,542.0,499.0,855.0,353.0,216.0,282.0,117.0,59.0,67.0,57.0,89.0,103.0,104.0,91.0,157.0,717.0,1244.0,2036.0,2116.0,1764.0,302.0,128.0,142.0,87.0,86.0,75.0,94.0,85.0,106.0,113.0,331.0,419.0,2353.0,2853.0,4116.0,1428.0,746.0,311.0,94.0,82.0,88.0,70.0,75.0,72.0,53.0,81.0,59.0,253.0,541.0,1751.0,2783.0,1570.0,655.0,317.0,170.0,87.0,73.0,72.0,89.0,74.0,75.0,88.0,87.0,247.0,410.0,408.0,454.0,458.0,265.0,168.0,122.0,94.0,89.0,95.0,92.0,90.0,70.0,84.0,115.0,167.0,142.0,183.0,152.0,214.0,131.0,92.0,147.0,113.0,79.0,78.0,88.0,89.0,88.0,106.0,102.0,121.0,123.0,108.0,98.0,115.0,77.0,114.0,362.0,253.0,166.0,202.0,147.0,185.0,133.0,176.0,128.0,372.0,175.0,176.0,123.0,225.0,128.0,192.0,351,0,-1,-2,-2,-2,-2,-2,-2,-2,-2,-2,-2,-2,-2,-2,-2,-2,-2,150,True,351.65625,351.0,True,150,True,False,351.0,351.65625,351.0,150,True,150,True,True
3.593825,1778595898.764676,143,3593825,76.0,69.0,139.0,105.0,162.0,120.0,162.0,105.0,206.0,137.0,553.0,540.0,901.0,355.0,215.0,277.0,118.0,71.0,66.0,71.0,79.0,87.0,93.0,94.0,170.0,734.0,1279.0,2168.0,2168.0,1786.0,287.0,137.0,133.0,83.0,80.0,67.0,88.0,95.0,93.0,116.0,328.0,420.0,2480.0,3340.0,4380.0,1468.0,761.0,311.0,82.0,77.0,86.0,72.0,71.0,80.0,54.0,74.0,69.0,253.0,538.0,1996.0,3000.0,1630.0,654.0,339.0,162.0,95.0,77.0,86.0,79.0,79.0,67.0,86.0,89.0,240.0,394.0,406.0,461.0,471.0,270.0,174.0,120.0,110.0,82.0,102.0,82.0,89.0,73.0,84.0,104.0,169.0,142.0,174.0,154.0,215.0,137.0,79.0,136.0,112.0,92.0,89.0,81.0,92.0,100.0,105.0,104.0,114.0,125.0,93.0,90.0,103.0,69.0,109.0,356.0,239.0,155.0,185.0,141.0,197.0,135.0,178.0,148.0,377.0,177.0,182.0,121.0,228.0,140.0,184.0,365,0,-1,-2,-2,-2,-2,-2,-2,-2,-2,-2,-2,-2,-2,-2,-2,-2,-2,150,True,365.2890625,365.0,True,150,True,False,365.0,365.2890625,365.0,150,True,150,True,True
3.618825,1778595898.784128,144,3618825,71.0,64.0,150.0,105.0,149.0,109.0,154.0,106.0,207.0,140.0,561.0,546.0,914.0,365.0,221.0,286.0,120.0,67.0,65.0,59.0,92.0,88.0,107.0,95.0,182.0,734.0,1275.0,2202.0,2174.0,1800.0,300.0,132.0,133.0,81.0,78.0,70.0,91.0,93.0,103.0,113.0,312.0,409.0,2490.0,3623.0,4448.0,1482.0,770.0,320.0,104.0,76.0,78.0,72.0,75.0,80.0,57.0,72.0,73.0,249.0,523.0,2095.0,3053.0,1646.0,677.0,336.0,172.0,88.0,72.0,84.0,84.0,96.0,70.0,79.0,87.0,234.0,380.0,404.0,471.0,484.0,272.0,175.0,130.0,112.0,83.0,89.0,78.0,83.0,72.0,79.0,109.0,165.0,134.0,181.0,157.0,215.0,129.0,77.0,150.0,110.0,78.0,85.0,75.0,83.0,94.0,99.0,97.0,122.0,120.0,117.0,90.0,112.0,82.0,105.0,359.0,245.0,156.0,198.0,136.0,204.0,139.0,185.0,122.0,381.0,161.0,185.0,104.0,219.0,121.0,178.0,370,0,-1,-2,-2,-2,-2,-2,-2,-2,-2,-2,-2,-2,-2,-2,-2,-2,-2,150,True,370.1484375,370.0,True,150,True,False,370.0,370.1484375,370.0,150,True,150,True,True
3.643825,1778595898.812504,145,3643825,88.0,65.0,143.0,116.0,147.0,116.0,161.0,112.0,211.0,146.0,562.0,556.0,935.0,381.0,218.0,294.0,119.0,75.0,59.0,70.0,89.0,89.0,104.0,92.0,168.0,698.0,1211.0,2138.0,2212.0,1919.0,324.0,129.0,131.0,91.0,86.0,73.0,109.0,91.0,104.0,119.0,299.0,378.0,2285.0,3493.0,4555.0,1637.0,863.0,349.0,103.0,71.0,81.0,64.0,73.0,75.0,58.0,70.0,64.0,229.0,474.0,1930.0,3089.0,1853.0,759.0,361.0,159.0,89.0,69.0,83.0,88.0,88.0,71.0,90.0,81.0,222.0,347.0,386.0,465.0,517.0,305.0,182.0,123.0,106.0,95.0,92.0,86.0,77.0,70.0,78.0,101.0,157.0,135.0,168.0,145.0,214.0,136.0,91.0,143.0,99.0,95.0,88.0,87.0,80.0,96.0,111.0,102.0,115.0,104.0,104.0,90.0,112.0,79.0,106.0,357.0,257.0,165.0,178.0,146.0,185.0,134.0,182.0,134.0,385.0,176.0,192.0,126.0,218.0,126.0,175.0,372,0,-1,-2,-2,-2,-2,-2,-2,-2,-2,-2,-2,-2,-2,-2,-2,-2,-2,150,True,372.0859375,372.0,True,150,True,False,372.0,372.0859375,372.0,150,True,150,True,True
3.668826,1778595898.838376,146,3668826,76.0,72.0,143.0,107.0,152.0,116.0,158.0,115.0,204.0,143.0,540.0,517.0,922.0,381.0,219.0,297.0,113.0,73.0,64.0,61.0,85.0,90.0,101.0,105.0,163.0,644.0,1077.0,1983.0,2173.0,1957.0,349.0,135.0,126.0,84.0,88.0,58.0,107.0,96.0,90.0,107.0,288.0,349.0,1965.0,3174.0,4460.0,1729.0,925.0,366.0,94.0,73.0,85.0,64.0,64.0,72.0,56.0,73.0,68.0,203.0,412.0,1696.0,3001.0,1998.0,834.0,400.0,166.0,84.0,82.0,83.0,86.0,81.0,70.0,83.0,90.0,213.0,312.0,358.0,469.0,551.0,328.0,185.0,133.0,110.0,93.0,87.0,89.0,97.0,77.0,81.0,107.0,153.0,134.0,167.0,151.0,225.0,142.0,82.0,140.0,116.0,86.0,85.0,79.0,84.0,102.0,99.0,100.0,118.0,111.0,103.0,87.0,101.0,79.0,107.0,347.0,243.0,152.0,198.0,154.0,196.0,142.0,194.0,125.0,390.0,175.0,180.0,123.0,218.0,135.0,198.0,363,0,-1,-2,-2,-2,-2,-2,-2,-2,-2,-2,-2,-2,-2,-2,-2,-2,-2,150,True,363.09375,363.0,True,150,True,False,363.0,363.09375,363.0,150,True,150,True,True
3.693828,1778595898.862706,147,3693828,80.0,71.0,148.0,108.0,161.0,116.0,155.0,109.0,208.0,135.0,498.0,488.0,872.0,368.0,227.0,279.0,122.0,64.0,64.0,57.0,78.0,92.0,105.0,93.0,147.0,618.0,1001.0,1862.0,2067.0,1932.0,343.0,134.0,141.0,78.0,81.0,70.0,102.0,93.0,96.0,122.0,279.0,323.0,1828.0,2992.0,4364.0,1740.0,947.0,382.0,96.0,79.0,79.0,72.0,76.0,82.0,63.0,73.0,62.0,194.0,389.0,1610.0,2994.0,2085.0,865.0,414.0,168.0,87.0,73.0,81.0,87.0,83.0,69.0,88.0,88.0,202.0,299.0,361.0,487.0,597.0,343.0,197.0,130.0,105.0,89.0,88.0,89.0,86.0,70.0,88.0,102.0,152.0,130.0,163.0,154.0,225.0,147.0,92.0,137.0,112.0,87.0,81.0,88.0,93.0,88.0,99.0,95.0,111.0,107.0,104.0,88.0,121.0,79.0,120.0,351.0,246.0,155.0,192.0,136.0,185.0,148.0,186.0,130.0,387.0,166.0,177.0,119.0,224.0,134.0,202.0,356,0,-1,-2,-2,-2,-2,-2,-2,-2,-2,-2,-2,-2,-2,-2,-2,-2,-2,150,True,356.5703125,356.0,True,150,True,False,356.0,356.5703125,356.0,150,True,150,True,True
3.718828,1778595898.884747,148,3718828,72.0,77.0,144.0,113.0,151.0,114.0,159.0,103.0,210.0,128.0,464.0,436.0,797.0,362.0,222.0,289.0,108.0,76.0,57.0,62.0,88.0,96.0,107.0,93.0,151.0,572.0,905.0,1618.0,1915.0,1900.0,350.0,134.0,128.0,87.0,76.0,71.0,91.0,96.0,96.0,112.0,270.0,297.0,1591.0,2498.0,4109.0,1747.0,959.0,388.0,95.0,72.0,84.0,63.0,69.0,72.0,50.0,70.0,60.0,183.0,347.0,1366.0,2821.0,2137.0,896.0,421.0,166.0,88.0,70.0,87.0,85.0,85.0,66.0,92.0,89.0,202.0,281.0,339.0,489.0,629.0,356.0,193.0,126.0,112.0,86.0,95.0,73.0,88.0,72.0,85.0,100.0,144.0,120.0,161.0,154.0,237.0,151.0,85.0,143.0,105.0,81.0,86.0,83.0,90.0,106.0,105.0,97.0,116.0,105.0,101.0,96.0,120.0,69.0,107.0,346.0,244.0,159.0,193.0,138.0,188.0,132.0,184.0,136.0,386.0,165.0,179.0,119.0,227.0,118.0,199.0,339,0,-1,-2,-2,-2,-2,-2,-2,-2,-2,-2,-2,-2,-2,-2,-2,-2,-2,150,True,339.25,339.0,True,150,True,False,339.0,339.25,339.0,150,True,150,True,True
3.743832,1778595898.91432,149,3743832,73.0,71.0,140.0,103.0,149.0,112.0,162.0,105.0,202.0,128.0,429.0,396.0,763.0,348.0,215.0,280.0,125.0,70.0,59.0,71.0,81.0,91.0,103.0,87.0,149.0,521.0,794.0,1440.0,1858.0,1968.0,381.0,134.0,127.0,86.0,87.0,74.0,91.0,92.0,90.0,113.0,260.0,287.0,1323.0,1932.0,3887.0,1840.0,1075.0,404.0,92.0,70.0,87.0,72.0,66.0,75.0,49.0,71.0,58.0,173.0,301.0,1014.0,2549.0,2230.0,984.0,451.0,168.0,89.0,77.0,86.0,80.0,81.0,70.0,80.0,84.0,183.0,254.0,303.0,472.0,649.0,383.0,198.0,120.0,106.0,90.0,92.0,77.0,89.0,80.0,85.0,92.0,150.0,121.0,159.0,153.0,230.0,147.0,89.0,143.0,120.0,87.0,80.0,86.0,85.0,96.0,106.0,106.0,115.0,111.0,102.0,91.0,111.0,83.0,113.0,355.0,241.0,157.0,193.0,145.0,183.0,132.0,183.0,125.0,376.0,168.0,170.0,120.0,214.0,127.0,195.0,324,0,-1,-2,-2,-2,-2,-2,-2,-2,-2,-2,-2,-2,-2,-2,-2,-2,-2,150,True,324.796875,324.0,True,150,True,False,324.0,324.796875,324.0,150,True,150,True,True
3.768831,1778595898.938405,150,3768831,79.0,71.0,141.0,105.0,152.0,121.0,163.0,109.0,200.0,133.0,392.0,349.0,729.0,363.0,223.0,293.0,119.0,72.0,59.0,59.0,91.0,88.0,109.0,90.0,150.0,475.0,646.0,1165.0,1743.0,2092.0,449.0,150.0,135.0,80.0,75.0,68.0,88.0,88.0,98.0,103.0,240.0,247.0,979.0,1226.0,3355.0,1969.0,1327.0,450.0,99.0,83.0,80.0,69.0,70.0,81.0,52.0,72.0,57.0,154.0,232.0,614.0,1958.0,2351.0,1148.0,515.0,159.0,88.0,75.0,91.0,88.0,83.0,64.0,93.0,82.0,184.0,231.0,245.0,422.0,667.0,431.0,209.0,128.0,104.0,90.0,102.0,85.0,84.0,71.0,74.0,102.0,136.0,112.0,138.0,141.0,231.0,158.0,89.0,136.0,106.0,84.0,85.0,81.0,75.0,97.0,103.0,95.0,112.0,104.0,98.0,93.0,112.0,88.0,110.0,361.0,254.0,163.0,189.0,145.0,196.0,136.0,177.0,137.0,389.0,172.0,185.0,118.0,223.0,131.0,184.0,305,0,-1,-2,-2,-2,-2,-2,-2,-2,-2,-2,-2,-2,-2,-2,-2,-2,-2,150,True,305.7734375,305.0,True,150,True,False,305.0,305.7734375,305.0,150,True,150,True,True
3.793832,1778595898.956159,151,3793832,74.0,64.0,137.0,114.0,149.0,113.0,155.0,98.0,191.0,126.0,331.0,267.0,624.0,332.0,228.0,294.0,112.0,69.0,70.0,67.0,79.0,86.0,96.0,88.0,134.0,394.0,476.0,793.0,1390.0,2099.0,507.0,149.0,137.0,82.0,79.0,70.0,94.0,82.0,106.0,98.0,215.0,202.0,638.0,592.0,2164.0,1870.0,1589.0,490.0,94.0,81.0,81.0,71.0,71.0,72.0,64.0,71.0,57.0,143.0,170.0,297.0,1001.0,1988.0,1265.0,524.0,170.0,91.0,72.0,87.0,87.0,82.0,72.0,93.0,84.0,166.0,187.0,184.0,316.0,587.0,441.0,225.0,134.0,109.0,83.0,101.0,88.0,89.0,79.0,79.0,101.0,136.0,104.0,129.0,134.0,217.0,149.0,83.0,146.0,113.0,86.0,92.0,84.0,84.0,97.0,102.0,93.0,107.0,112.0,86.0,85.0,113.0,89.0,121.0,349.0,241.0,162.0,196.0,145.0,193.0,135.0,182.0,131.0,380.0,164.0,184.0,114.0,226.0,127.0,197.0,265,0,-1,-2,-2,-2,-2,-2,-2,-2,-2,-2,-2,-2,-2,-2,-2,-2,-2,150,True,265.3046875,265.0,True,150,True,False,265.0,265.3046875,265.0,150,True,150,True,True
3.818834,1778595898.987501,152,3818834,70.0,77.0,139.0,111.0,157.0,116.0,156.0,103.0,190.0,119.0,284.0,218.0,546.0,315.0,209.0,279.0,118.0,59.0,60.0,62.0,86.0,88.0,105.0,88.0,135.0,339.0,370.0,602.0,1064.0,1840.0,480.0,146.0,124.0,72.0,91.0,57.0,89.0,99.0,88.0,108.0,190.0,180.0,466.0,371.0,1336.0,1443.0,1440.0,455.0,104.0,77.0,88.0,62.0,73.0,80.0,56.0,74.0,57.0,121.0,141.0,200.0,530.0,1286.0,1101.0,476.0,169.0,87.0,78.0,88.0,90.0,82.0,69.0,90.0,85.0,158.0,168.0,136.0,235.0,425.0,363.0,210.0,117.0,105.0,89.0,91.0,78.0,85.0,72.0,83.0,87.0,125.0,102.0,122.0,119.0,189.0,141.0,82.0,144.0,115.0,95.0,87.0,86.0,92.0,101.0,108.0,101.0,103.0,108.0,95.0,79.0,100.0,75.0,113.0,361.0,248.0,146.0,190.0,159.0,192.0,135.0,198.0,122.0,383.0,166.0,183.0,118.0,216.0,127.0,181.0,225,0,-1,-2,-2,-2,-2,-2,-2,-2,-2,-2,-2,-2,-2,-2,-2,-2,-2,150,True,225.1015625,225.0,True,150,True,False,225.0,225.1015625,225.0,150,True,150,True,True
3.843834,1778595899.003459,153,3843834,65.0,70.0,152.0,119.0,155.0,125.0,153.0,110.0,190.0,110.0,268.0,203.0,496.0,295.0,219.0,284.0,123.0,69.0,61.0,64.0,90.0,90.0,103.0,95.0,120.0,288.0,319.0,528.0,935.0,1610.0,396.0,136.0,131.0,81.0,81.0,71.0,98.0,88.0,94.0,102.0,172.0,149.0,392.0,301.0,994.0,1093.0,1142.0,391.0,98.0,68.0,85.0,84.0,71.0,81.0,45.0,66.0,57.0,125.0,129.0,162.0,350.0,843.0,814.0,384.0,168.0,88.0,85.0,85.0,88.0,83.0,73.0,87.0,79.0,150.0,151.0,128.0,190.0,309.0,276.0,186.0,125.0,103.0,88.0,92.0,88.0,83.0,71.0,84.0,83.0,121.0,97.0,109.0,105.0,172.0,118.0,89.0,147.0,113.0,89.0,77.0,96.0,86.0,89.0,95.0,92.0,115.0,95.0,93.0,83.0,104.0,84.0,107.0,354.0,251.0,158.0,184.0,144.0,192.0,132.0,192.0,134.0,382.0,165.0,185.0,108.0,217.0,138.0,185.0,198,0,-1,-2,-2,-2,-2,-2,-2,-2,-2,-2,-2,-2,-2,-2,-2,-2,-2,150,True,198.6171875,198.0,True,150,True,False,198.0,198.6171875,198.0,150,True,150,True,True
3.868835,1778595899.035186,154,3868835,75.0,72.0,147.0,102.0,159.0,121.0,156.0,101.0,193.0,118.0,270.0,211.0,551.0,322.0,219.0,277.0,117.0,80.0,61.0,70.0,94.0,88.0,105.0,93.0,118.0,279.0,323.0,577.0,1072.0,1789.0,444.0,143.0,130.0,78.0,76.0,71.0,94.0,85.0,101.0,104.0,167.0,145.0,396.0,318.0,1036.0,1149.0,1204.0,397.0,105.0,76.0,82.0,68.0,72.0,81.0,58.0,68.0,50.0,119.0,122.0,163.0,347.0,792.0,789.0,374.0,170.0,85.0,70.0,86.0,86.0,81.0,71.0,80.0,87.0,142.0,146.0,121.0,174.0,283.0,256.0,181.0,125.0,110.0,98.0,96.0,70.0,82.0,64.0,72.0,87.0,118.0,86.0,103.0,95.0,147.0,113.0,80.0,145.0,121.0,92.0,82.0,92.0,86.0,94.0,112.0,88.0,108.0,94.0,88.0,86.0,104.0,71.0,117.0,359.0,232.0,167.0,194.0,150.0,188.0,139.0,184.0,136.0,384.0,170.0,167.0,109.0,209.0,136.0,196.0,201,0,-1,-2,-2,-2,-2,-2,-2,-2,-2,-2,-2,-2,-2,-2,-2,-2,-2,150,True,201.7890625,201.0,True,150,True,False,201.0,201.7890625,201.0,150,True,150,True,True
3.893835,1778595899.055656,155,3893835,73.0,72.0,147.0,101.0,156.0,114.0,158.0,117.0,199.0,114.0,294.0,251.0,667.0,358.0,228.0,280.0,125.0,64.0,65.0,70.0,85.0,96.0,100.0,88.0,110.0,276.0,368.0,688.0,1330.0,2004.0,485.0,129.0,135.0,84.0,75.0,71.0,96.0,84.0,98.0,97.0,164.0,144.0,433.0,365.0,1203.0,1218.0,1179.0,380.0,96.0,75.0,78.0,75.0,70.0,76.0,54.0,72.0,57.0,116.0,124.0,159.0,337.0,748.0,708.0,347.0,170.0,86.0,70.0,86.0,93.0,89.0,70.0,85.0,81.0,137.0,151.0,124.0,167.0,248.0,219.0,170.0,127.0,101.0,82.0,94.0,75.0,73.0,83.0,79.0,83.0,118.0,95.0,101.0,96.0,148.0,106.0,71.0,146.0,110.0,79.0,86.0,92.0,82.0,90.0,101.0,96.0,112.0,94.0,89.0,86.0,91.0,76.0,104.0,357.0,252.0,146.0,194.0,136.0,198.0,126.0,184.0,146.0,381.0,168.0,182.0,112.0,216.0,136.0,203.0,208,0,-1,-2,-2,-2,-2,-2,-2,-2,-2,-2,-2,-2,-2,-2,-2,-2,-2,150,True,208.4296875,208.0,True,150,True,False,208.0,208.4296875,208.0,150,True,150,True,True
3.918837,1778595899.085744,156,3918837,76.0,76.0,151.0,105.0,150.0,114.0,159.0,109.0,209.0,114.0,353.0,372.0,906.0,418.0,231.0,289.0,113.0,67.0,58.0,70.0,83.0,90.0,98.0,89.0,120.0,303.0,508.0,1086.0,1948.0,2252.0,467.0,145.0,133.0,85.0,76.0,57.0,102.0,82.0,100.0,104.0,158.0,148.0,591.0,613.0,1908.0,1409.0,1012.0,340.0,99.0,77.0,77.0,73.0,78.0,79.0,62.0,69.0,60.0,121.0,147.0,237.0,507.0,839.0,618.0,302.0,175.0,90.0,76.0,81.0,81.0,77.0,68.0,81.0,85.0,129.0,156.0,134.0,183.0,252.0,202.0,159.0,131.0,102.0,99.0,100.0,76.0,75.0,76.0,76.0,72.0,108.0,89.0,101.0,98.0,135.0,97.0,81.0,147.0,103.0,78.0,82.0,81.0,78.0,93.0,89.0,90.0,101.0,97.0,85.0,85.0,84.0,82.0,113.0,357.0,253.0,159.0,183.0,142.0,191.0,137.0,168.0,130.0,373.0,169.0,178.0,110.0,217.0,129.0,183.0,232,0,-1,-2,-2,-2,-2,-2,-2,-2,-2,-2,-2,-2,-2,-2,-2,-2,-2,150,True,232.84375,232.0,True,150,True,False,232.0,232.84375,232.0,150,True,150,True,True
3.943836,1778595899.115204,157,3943836,73.0,71.0,145.0,118.0,156.0,113.0,164.0,103.0,196.0,135.0,501.0,677.0,1369.0,532.0,244.0,284.0,113.0,70.0,53.0,72.0,99.0,93.0,103.0,88.0,120.0,405.0,852.0,2057.0,3048.0,2645.0,475.0,134.0,131.0,74.0,76.0,71.0,91.0,85.0,94.0,108.0,179.0,194.0,1033.0,1393.0,3569.0,1800.0,991.0,337.0,93.0,74.0,82.0,74.0,73.0,74.0,57.0,71.0,58.0,123.0,204.0,468.0,1011.0,1168.0,635.0,289.0,163.0,89.0,74.0,94.0,84.0,86.0,69.0,85.0,81.0,145.0,184.0,173.0,235.0,301.0,214.0,153.0,121.0,104.0,81.0,87.0,85.0,92.0,70.0,75.0,79.0,132.0,93.0,102.0,103.0,147.0,100.0,87.0,134.0,113.0,86.0,91.0,85.0,86.0,89.0,84.0,82.0,102.0,91.0,86.0,71.0,92.0,75.0,112.0,346.0,255.0,146.0,189.0,142.0,189.0,128.0,181.0,131.0,383.0,162.0,168.0,119.0,223.0,121.0,186.0,300,0,-1,-2,-2,-2,-2,-2,-2,-2,-2,-2,-2,-2,-2,-2,-2,-2,-2,150,True,300.1875,300.0,True,150,True,False,300.0,300.1875,300.0,150,True,150,True,True
3.968836,1778595899.131311,158,3968836,70.0,73.0,145.0,115.0,159.0,119.0,161.0,106.0,200.0,141.0,647.0,916.0,1597.0,590.0,250.0,285.0,127.0,65.0,53.0,62.0,85.0,87.0,102.0,89.0,134.0,508.0,1146.0,2688.0,3292.0,2585.0,453.0,136.0,134.0,73.0,72.0,78.0,91.0,94.0,89.0,103.0,190.0,232.0,1407.0,2160.0,4116.0,1723.0,916.0,337.0,94.0,74.0,77.0,61.0,81.0,82.0,59.0,60.0,58.0,150.0,239.0,628.0,1186.0,1130.0,612.0,301.0,165.0,90.0,67.0,87.0,86.0,84.0,73.0,74.0,87.0,149.0,191.0,201.0,259.0,311.0,213.0,148.0,132.0,98.0,79.0,88.0,77.0,91.0,68.0,84.0,87.0,121.0,87.0,106.0,111.0,151.0,110.0,78.0,147.0,108.0,92.0,72.0,85.0,72.0,90.0,100.0,93.0,102.0,93.0,103.0,79.0,89.0,72.0,108.0,349.0,254.0,153.0,193.0,143.0,205.0,129.0,181.0,134.0,383.0,168.0,168.0,126.0,212.0,129.0,192.0,331,0,-1,-2,-2,-2,-2,-2,-2,-2,-2,-2,-2,-2,-2,-2,-2,-2,-2,150,True,331.015625,331.0,True,150,True,False,331.0,331.015625,331.0,150,True,150,True,True
3.993839,1778595899.163489,159,3993839,73.0,70.0,139.0,104.0,151.0,121.0,160.0,103.0,203.0,144.0,714.0,1016.0,1625.0,591.0,243.0,286.0,124.0,71.0,58.0,72.0,82.0,85.0,106.0,91.0,136.0,549.0,1269.0,2918.0,3241.0,2523.0,461.0,132.0,133.0,86.0,81.0,56.0,89.0,85.0,98.0,105.0,191.0,243.0,1596.0,2639.0,4235.0,1678.0,922.0,328.0,97.0,73.0,81.0,71.0,71.0,80.0,49.0,63.0,63.0,145.0,270.0,717.0,1232.0,1119.0,602.0,312.0,165.0,94.0,75.0,87.0,87.0,87.0,66.0,78.0,87.0,157.0,209.0,210.0,256.0,313.0,221.0,155.0,134.0,107.0,89.0,92.0,76.0,94.0,69.0,82.0,84.0,130.0,90.0,120.0,112.0,154.0,99.0,76.0,152.0,103.0,76.0,86.0,83.0,89.0,101.0,97.0,93.0,102.0,103.0,90.0,80.0,100.0,67.0,111.0,352.0,246.0,149.0,196.0,152.0,186.0,136.0,199.0,128.0,385.0,168.0,181.0,119.0,227.0,137.0,191.0,343,0,-1,-2,-2,-2,-2,-2,-2,-2,-2,-2,-2,-2,-2,-2,-2,-2,-2,150,True,343.0546875,343.0,True,150,True,False,343.0,343.0546875,343.0,150,True,150,True,True
4.01884,1778595899.187717,160,4018840,74.0,74.0,144.0,111.0,160.0,114.0,161.0,118.0,211.0,155.0,800.0,1110.0,1696.0,628.0,248.0,284.0,123.0,62.0,59.0,69.0,89.0,83.0,107.0,93.0,137.0,601.0,1387.0,3157.0,3333.0,2537.0,465.0,133.0,136.0,85.0,83.0,66.0,89.0,90.0,96.0,107.0,204.0,258.0,1829.0,3229.0,4637.0,1751.0,925.0,342.0,101.0,76.0,83.0,68.0,83.0,72.0,62.0,63.0,55.0,138.0,295.0,851.0,1379.0,1198.0,618.0,312.0,175.0,96.0,75.0,84.0,88.0,82.0,71.0,88.0,87.0,165.0,214.0,215.0,281.0,333.0,238.0,155.0,129.0,109.0,87.0,90.0,79.0,88.0,70.0,70.0,85.0,126.0,100.0,122.0,109.0,166.0,105.0,84.0,136.0,103.0,80.0,86.0,84.0,86.0,85.0,106.0,81.0,100.0,96.0,87.0,81.0,94.0,75.0,104.0,356.0,241.0,152.0,185.0,159.0,184.0,133.0,184.0,138.0,381.0,162.0,183.0,119.0,218.0,131.0,185.0,363,0,-1,-2,-2,-2,-2,-2,-2,-2,-2,-2,-2,-2,-2,-2,-2,-2,-2,150,True,363.7890625,363.0,True,150,True,False,363.0,363.7890625,363.0,150,True,150,True,True
4.043843,1778595899.210876,161,4043843,71.0,66.0,148.0,102.0,151.0,119.0,169.0,111.0,210.0,157.0,777.0,1077.0,1637.0,625.0,253.0,287.0,119.0,69.0,62.0,77.0,87.0,89.0,95.0,97.0,145.0,591.0,1300.0,2900.0,3162.0,2460.0,455.0,132.0,135.0,79.0,80.0,61.0,105.0,84.0,101.0,119.0,192.0,262.0,1646.0,2833.0,4302.0,1668.0,910.0,347.0,97.0,76.0,94.0,65.0,76.0,79.0,51.0,75.0,57.0,153.0,272.0,683.0,1142.0,1087.0,591.0,320.0,165.0,94.0,68.0,84.0,91.0,82.0,73.0,85.0,82.0,152.0,207.0,200.0,260.0,318.0,212.0,164.0,135.0,113.0,78.0,92.0,83.0,93.0,69.0,77.0,83.0,125.0,106.0,126.0,110.0,166.0,115.0,83.0,142.0,119.0,82.0,84.0,82.0,88.0,101.0,104.0,96.0,98.0,90.0,95.0,80.0,102.0,74.0,110.0,362.0,243.0,144.0,196.0,145.0,198.0,136.0,179.0,139.0,387.0,164.0,176.0,126.0,220.0,126.0,183.0,346,0,-1,-2,-2,-2,-2,-2,-2,-2,-2,-2,-2,-2,-2,-2,-2,-2,-2,150,True,346.125,346.0,True,150,True,False,346.0,346.125,346.0,150,True,150,True,True
4.068844,1778595899.242902,162,4068844,71.0,71.0,152.0,105.0,150.0,107.0,164.0,114.0,204.0,154.0,737.0,1005.0,1593.0,609.0,249.0,291.0,120.0,69.0,70.0,56.0,85.0,94.0,98.0,101.0,129.0,548.0,1169.0,2559.0,3058.0,2465.0,475.0,130.0,127.0,75.0,87.0,69.0,97.0,88.0,92.0,100.0,199.0,246.0,1384.0,2191.0,3971.0,1665.0,921.0,348.0,93.0,76.0,84.0,69.0,79.0,81.0,54.0,75.0,60.0,141.0,231.0,534.0,957.0,1021.0,586.0,310.0,164.0,91.0,74.0,85.0,89.0,76.0,78.0,78.0,78.0,155.0,185.0,179.0,235.0,294.0,218.0,154.0,130.0,93.0,90.0,89.0,72.0,95.0,78.0,85.0,88.0,126.0,104.0,102.0,103.0,162.0,110.0,76.0,150.0,109.0,76.0,83.0,86.0,94.0,91.0,102.0,96.0,102.0,90.0,83.0,83.0,88.0,64.0,111.0,353.0,237.0,170.0,190.0,137.0,191.0,137.0,169.0,127.0,370.0,162.0,182.0,118.0,216.0,130.0,199.0,324,0,-1,-2,-2,-2,-2,-2,-2,-2,-2,-2,-2,-2,-2,-2,-2,-2,-2,150,True,324.5703125,324.0,True,150,True,False,324.0,324.5703125,324.0,150,True,150,True,True
4.093843,1778595899.259019,163,4093843,75.0,68.0,137.0,109.0,142.0,120.0,163.0,112.0,204.0,151.0,728.0,980.0,1591.0,610.0,253.0,296.0,115.0,61.0,63.0,61.0,89.0,84.0,102.0,92.0,141.0,530.0,1091.0,2419.0,3005.0,2503.0,497.0,143.0,139.0,87.0,87.0,64.0,94.0,100.0,90.0,102.0,184.0,229.0,1277.0,1966.0,3922.0,1691.0,954.0,362.0,88.0,82.0,88.0,69.0,72.0,79.0,59.0,66.0,62.0,145.0,214.0,485.0,904.0,1026.0,588.0,316.0,168.0,87.0,72.0,85.0,88.0,85.0,64.0,76.0,88.0,153.0,182.0,172.0,233.0,301.0,213.0,163.0,128.0,106.0,81.0,78.0,85.0,81.0,63.0,83.0,79.0,119.0,104.0,111.0,102.0,152.0,106.0,88.0,140.0,111.0,83.0,81.0,85.0,88.0,102.0,101.0,83.0,104.0,98.0,89.0,77.0,92.0,76.0,115.0,349.0,248.0,145.0,201.0,144.0,191.0,137.0,189.0,132.0,383.0,174.0,169.0,113.0,215.0,129.0,185.0,319,0,-1,-2,-2,-2,-2,-2,-2,-2,-2,-2,-2,-2,-2,-2,-2,-2,-2,150,True,319.1484375,319.0,True,150,True,False,319.0,319.1484375,319.0,150,True,150,True,True
4.118844,1778595899.29194,164,4118844,70.0,65.0,140.0,109.0,144.0,113.0,164.0,110.0,205.0,150.0,669.0,900.0,1521.0,610.0,250.0,294.0,119.0,67.0,64.0,64.0,93.0,97.0,112.0,91.0,138.0,492.0,960.0,2039.0,2807.0,2497.0,511.0,144.0,136.0,85.0,78.0,73.0,97.0,89.0,90.0,114.0,183.0,215.0,1051.0,1425.0,3331.0,1644.0,971.0,374.0,99.0,80.0,82.0,64.0,80.0,83.0,58.0,64.0,54.0,131.0,193.0,357.0,699.0,916.0,571.0,310.0,173.0,86.0,67.0,89.0,77.0,85.0,64.0,79.0,79.0,151.0,174.0,153.0,209.0,275.0,209.0,153.0,130.0,106.0,92.0,95.0,59.0,86.0,72.0,67.0,76.0,127.0,91.0,109.0,105.0,149.0,98.0,82.0,136.0,109.0,86.0,97.0,87.0,87.0,86.0,99.0,89.0,101.0,98.0,89.0,76.0,98.0,75.0,114.0,356.0,251.0,157.0,182.0,149.0,190.0,125.0,174.0,134.0,383.0,165.0,177.0,96.0,230.0,130.0,190.0,296,0,-1,-2,-2,-2,-2,-2,-2,-2,-2,-2,-2,-2,-2,-2,-2,-2,-2,150,True,296.0078125,296.0,True,150,True,False,296.0,296.0078125,296.0,150,True,150,True,True
4.143845,1778595899.31834,165,4143845,74.0,65.0,134.0,109.0,152.0,118.0,158.0,100.0,209.0,150.0,570.0,760.0,1445.0,633.0,257.0,291.0,122.0,75.0,55.0,66.0,86.0,83.0,103.0,89.0,133.0,431.0,723.0,1480.0,2490.0,2590.0,595.0,150.0,133.0,79.0,81.0,63.0,102.0,78.0,102.0,107.0,173.0,192.0,735.0,776.0,2386.0,1585.0,1080.0,391.0,89.0,79.0,79.0,72.0,77.0,73.0,57.0,66.0,63.0,122.0,147.0,228.0,429.0,736.0,569.0,312.0,168.0,91.0,80.0,82.0,88.0,85.0,66.0,84.0,87.0,140.0,153.0,132.0,173.0,237.0,198.0,156.0,136.0,110.0,91.0,90.0,83.0,80.0,76.0,79.0,84.0,119.0,95.0,94.0,99.0,134.0,100.0,80.0,146.0,113.0,82.0,87.0,83.0,80.0,93.0,99.0,105.0,95.0,86.0,85.0,82.0,96.0,80.0,112.0,364.0,238.0,159.0,185.0,156.0,198.0,139.0,179.0,147.0,382.0,168.0,181.0,111.0,213.0,126.0,185.0,265,0,-1,-2,-2,-2,-2,-2,-2,-2,-2,-2,-2,-2,-2,-2,-2,-2,-2,150,True,265.484375,265.0,True,150,True,False,265.0,265.484375,265.0,150,True,150,True,True
4.168846,1778595899.342225,166,4168846,74.0,74.0,148.0,107.0,141.0,114.0,160.0,110.0,207.0,128.0,480.0,612.0,1322.0,606.0,268.0,284.0,118.0,59.0,62.0,69.0,88.0,81.0,102.0,87.0,128.0,358.0,546.0,1053.0,2064.0,2577.0,648.0,141.0,141.0,89.0,89.0,69.0,99.0,95.0,100.0,98.0,164.0,166.0,521.0,451.0,1500.0,1369.0,1203.0,390.0,108.0,83.0,77.0,69.0,74.0,79.0,56.0,64.0,58.0,118.0,133.0,159.0,269.0,539.0,548.0,310.0,165.0,91.0,71.0,87.0,83.0,81.0,67.0,85.0,75.0,139.0,148.0,122.0,143.0,197.0,184.0,157.0,122.0,105.0,90.0,96.0,76.0,92.0,73.0,84.0,78.0,124.0,81.0,92.0,90.0,119.0,100.0,81.0,137.0,118.0,83.0,85.0,88.0,80.0,94.0,99.0,92.0,106.0,99.0,86.0,64.0,93.0,73.0,109.0,361.0,253.0,147.0,208.0,144.0,179.0,136.0,188.0,128.0,377.0,160.0,161.0,119.0,224.0,136.0,189.0,236,0,-1,-2,-2,-2,-2,-2,-2,-2,-2,-2,-2,-2,-2,-2,-2,-2,-2,150,True,236.859375,236.0,True,150,True,False,236.0,236.859375,236.0,150,True,150,True,True
4.193846,1778595899.356783,167,4193846,69.0,66.0,149.0,112.0,147.0,113.0,165.0,111.0,200.0,121.0,405.0,473.0,1122.0,535.0,253.0,290.0,123.0,64.0,55.0,66.0,81.0,86.0,105.0,88.0,127.0,307.0,418.0,776.0,1515.0,2150.0,572.0,138.0,128.0,81.0,77.0,75.0,94.0,94.0,96.0,103.0,147.0,148.0,407.0,301.0,882.0,938.0,963.0,341.0,101.0,81.0,88.0,64.0,73.0,79.0,54.0,70.0,50.0,114.0,119.0,132.0,183.0,340.0,407.0,249.0,168.0,91.0,65.0,80.0,86.0,87.0,62.0,89.0,74.0,129.0,136.0,105.0,121.0,164.0,144.0,133.0,141.0,110.0,86.0,100.0,85.0,93.0,80.0,79.0,77.0,107.0,78.0,92.0,91.0,104.0,100.0,79.0,147.0,110.0,85.0,85.0,82.0,78.0,97.0,105.0,101.0,101.0,96.0,81.0,80.0,95.0,69.0,105.0,364.0,255.0,152.0,197.0,151.0,191.0,127.0,184.0,135.0,382.0,166.0,172.0,116.0,211.0,123.0,193.0,202,0,-1,-2,-2,-2,-2,-2,-2,-2,-2,-2,-2,-2,-2,-2,-2,-2,-2,150,True,202.7578125,202.0,True,150,True,False,202.0,202.7578125,202.0,150,True,150,True,True
4.218848,1778595899.386141,168,4218848,71.0,72.0,136.0,108.0,159.0,126.0,155.0,105.0,197.0,118.0,357.0,390.0,966.0,478.0,239.0,280.0,122.0,66.0,56.0,67.0,91.0,85.0,99.0,89.0,111.0,268.0,344.0,629.0,1207.0,1804.0,454.0,144.0,134.0,87.0,87.0,69.0,94.0,90.0,88.0,94.0,150.0,126.0,332.0,232.0,613.0,653.0,711.0,288.0,98.0,71.0,74.0,72.0,77.0,79.0,58.0,75.0,60.0,102.0,105.0,119.0,128.0,234.0,271.0,190.0,160.0,98.0,67.0,81.0,101.0,84.0,68.0,87.0,87.0,134.0,130.0,89.0,107.0,136.0,127.0,134.0,118.0,117.0,90.0,92.0,87.0,86.0,69.0,78.0,67.0,116.0,88.0,100.0,92.0,107.0,89.0,88.0,152.0,104.0,80.0,83.0,95.0,79.0,93.0,102.0,93.0,101.0,88.0,80.0,79.0,90.0,70.0,102.0,343.0,244.0,167.0,200.0,147.0,195.0,135.0,198.0,140.0,384.0,159.0,178.0,126.0,217.0,125.0,196.0,180,0,-1,-2,-2,-2,-2,-2,-2,-2,-2,-2,-2,-2,-2,-2,-2,-2,-2,150,True,180.2578125,180.0,True,150,True,False,180.0,180.2578125,180.0,150,True,150,True,True
4.24385,1778595899.402101,169,4243850,72.0,70.0,139.0,103.0,147.0,120.0,162.0,106.0,186.0,120.0,373.0,457.0,1186.0,560.0,262.0,284.0,117.0,72.0,64.0,56.0,87.0,88.0,91.0,89.0,103.0,266.0,370.0,743.0,1509.0,2094.0,514.0,137.0,129.0,89.0,85.0,65.0,94.0,92.0,97.0,103.0,135.0,123.0,350.0,267.0,731.0,748.0,784.0,284.0,103.0,75.0,89.0,65.0,79.0,69.0,61.0,66.0,51.0,101.0,104.0,120.0,148.0,261.0,269.0,179.0,169.0,93.0,69.0,74.0,87.0,84.0,68.0,82.0,84.0,125.0,130.0,97.0,107.0,130.0,117.0,128.0,129.0,99.0,86.0,86.0,86.0,92.0,71.0,72.0,82.0,107.0,80.0,88.0,89.0,101.0,81.0,78.0,139.0,104.0,75.0,91.0,90.0,85.0,103.0,95.0,88.0,102.0,98.0,84.0,73.0,89.0,71.0,108.0,352.0,255.0,152.0,192.0,141.0,199.0,134.0,184.0,120.0,382.0,171.0,168.0,108.0,217.0,134.0,192.0,190,0,-1,-2,-2,-2,-2,-2,-2,-2,-2,-2,-2,-2,-2,-2,-2,-2,-2,150,True,190.859375,190.0,True,150,True,False,190.0,190.859375,190.0,150,True,150,True,True
4.26885,1778595899.433705,170,4268850,79.0,76.0,135.0,105.0,154.0,111.0,164.0,112.0,198.0,128.0,472.0,705.0,1636.0,702.0,264.0,286.0,118.0,79.0,61.0,56.0,81.0,91.0,102.0,73.0,101.0,280.0,509.0,1131.0,2192.0,2513.0,576.0,132.0,136.0,72.0,80.0,62.0,91.0,90.0,91.0,87.0,146.0,125.0,455.0,405.0,1151.0,972.0,819.0,281.0,89.0,68.0,85.0,61.0,84.0,83.0,57.0,63.0,62.0,111.0,122.0,149.0,200.0,319.0,290.0,178.0,170.0,92.0,68.0,90.0,84.0,86.0,78.0,80.0,85.0,126.0,135.0,108.0,105.0,135.0,119.0,121.0,131.0,104.0,86.0,93.0,89.0,88.0,68.0,77.0,73.0,112.0,86.0,83.0,80.0,113.0,87.0,71.0,138.0,113.0,79.0,81.0,87.0,87.0,104.0,97.0,88.0,88.0,90.0,86.0,72.0,89.0,76.0,102.0,350.0,242.0,156.0,183.0,134.0,190.0,132.0,187.0,127.0,392.0,157.0,165.0,106.0,211.0,128.0,182.0,219,0,-1,-2,-2,-2,-2,-2,-2,-2,-2,-2,-2,-2,-2,-2,-2,-2,-2,150,True,219.90625,219.0,True,150,True,False,219.0,219.90625,219.0,150,True,150,True,True
4.29385,1778595899.465376,171,4293850,64.0,76.0,136.0,107.0,162.0,107.0,157.0,103.0,201.0,141.0,638.0,1078.0,2059.0,828.0,279.0,294.0,109.0,75.0,66.0,77.0,84.0,91.0,97.0,83.0,118.0,346.0,736.0,1775.0,3018.0,2708.0,544.0,136.0,135.0,83.0,77.0,66.0,99.0,80.0,86.0,100.0,150.0,145.0,652.0,679.0,1813.0,1159.0,782.0,264.0,93.0,84.0,76.0,64.0,68.0,88.0,56.0,65.0,57.0,116.0,132.0,188.0,287.0,411.0,301.0,171.0,171.0,89.0,72.0,87.0,78.0,86.0,72.0,81.0,86.0,132.0,143.0,118.0,131.0,159.0,127.0,128.0,117.0,95.0,86.0,89.0,80.0,74.0,76.0,74.0,72.0,109.0,82.0,88.0,81.0,105.0,68.0,73.0,148.0,114.0,79.0,78.0,85.0,77.0,97.0,98.0,84.0,101.0,83.0,80.0,73.0,82.0,65.0,109.0,363.0,240.0,161.0,199.0,149.0,184.0,127.0,173.0,142.0,377.0,166.0,179.0,110.0,216.0,135.0,190.0,256,0,-1,-2,-2,-2,-2,-2,-2,-2,-2,-2,-2,-2,-2,-2,-2,-2,-2,150,True,256.3515625,256.0,True,150,True,False,256.0,256.3515625,256.0,150,True,150,True,True
4.31885,1778595899.497291,172,4318850,73.0,71.0,147.0,115.0,149.0,114.0,162.0,112.0,204.0,152.0,875.0,1492.0,2426.0,974.0,293.0,290.0,109.0,76.0,71.0,64.0,89.0,87.0,109.0,90.0,120.0,439.0,1046.0,2505.0,3766.0,2960.0,570.0,134.0,131.0,90.0,80.0,54.0,113.0,89.0,87.0,94.0,156.0,183.0,899.0,1018.0,2580.0,1381.0,827.0,274.0,97.0,70.0,87.0,70.0,74.0,80.0,58.0,66.0,58.0,111.0,163.0,252.0,404.0,545.0,352.0,189.0,175.0,86.0,77.0,76.0,83.0,77.0,61.0,76.0,76.0,135.0,151.0,133.0,157.0,176.0,127.0,122.0,137.0,113.0,87.0,87.0,76.0,79.0,64.0,70.0,73.0,112.0,85.0,91.0,87.0,120.0,79.0,79.0,146.0,112.0,82.0,87.0,84.0,81.0,100.0,100.0,89.0,93.0,90.0,86.0,74.0,83.0,77.0,101.0,351.0,243.0,166.0,186.0,148.0,192.0,136.0,186.0,129.0,374.0,168.0,172.0,114.0,214.0,116.0,186.0,300,0,-1,-2,-2,-2,-2,-2,-2,-2,-2,-2,-2,-2,-2,-2,-2,-2,-2,150,True,300.0703125,300.0,True,150,True,False,300.0,300.0703125,300.0,150,True,150,True,True
4.343852,1778595899.525874,173,4343852,73.0,75.0,145.0,104.0,143.0,118.0,159.0,109.0,217.0,164.0,981.0,1626.0,2473.0,994.0,292.0,287.0,111.0,64.0,70.0,56.0,80.0,88.0,101.0,83.0,128.0,499.0,1158.0,2721.0,3843.0,2870.0,574.0,146.0,129.0,73.0,80.0,61.0,103.0,86.0,89.0,105.0,163.0,185.0,1022.0,1166.0,2779.0,1396.0,835.0,296.0,98.0,81.0,87.0,70.0,72.0,86.0,53.0,64.0,65.0,122.0,169.0,283.0,461.0,566.0,351.0,199.0,169.0,89.0,70.0,80.0,79.0,82.0,62.0,72.0,83.0,138.0,163.0,134.0,159.0,187.0,141.0,122.0,131.0,110.0,90.0,91.0,78.0,88.0,76.0,79.0,69.0,117.0,92.0,81.0,86.0,116.0,82.0,76.0,136.0,110.0,82.0,82.0,88.0,84.0,98.0,90.0,84.0,102.0,93.0,74.0,71.0,93.0,72.0,103.0,362.0,245.0,152.0,185.0,146.0,192.0,131.0,184.0,137.0,380.0,174.0,177.0,126.0,208.0,119.0,188.0,310,0,-1,-2,-2,-2,-2,-2,-2,-2,-2,-2,-2,-2,-2,-2,-2,-2,-2,150,True,310.9921875,310.0,True,150,True,False,310.0,310.9921875,310.0,150,True,150,True,True
4.368854,1778595899.55755,174,4368854,80.0,72.0,148.0,99.0,152.0,120.0,150.0,105.0,210.0,169.0,1007.0,1620.0,2394.0,970.0,284.0,286.0,120.0,64.0,64.0,57.0,80.0,92.0,108.0,88.0,129.0,514.0,1204.0,2767.0,3756.0,2769.0,556.0,140.0,135.0,80.0,93.0,70.0,93.0,83.0,81.0,96.0,163.0,198.0,1076.0,1308.0,2936.0,1412.0,825.0,300.0,95.0,80.0,85.0,75.0,74.0,75.0,48.0,68.0,61.0,126.0,185.0,323.0,517.0,624.0,387.0,210.0,166.0,86.0,73.0,81.0,87.0,78.0,62.0,83.0,79.0,146.0,157.0,137.0,176.0,211.0,143.0,132.0,134.0,104.0,88.0,82.0,88.0,91.0,76.0,89.0,73.0,116.0,79.0,94.0,88.0,124.0,80.0,85.0,151.0,115.0,86.0,86.0,87.0,84.0,96.0,100.0,90.0,92.0,90.0,72.0,79.0,88.0,74.0,105.0,346.0,240.0,159.0,190.0,151.0,196.0,126.0,171.0,135.0,377.0,164.0,166.0,119.0,205.0,127.0,177.0,314,0,-1,-2,-2,-2,-2,-2,-2,-2,-2,-2,-2,-2,-2,-2,-2,-2,-2,150,True,314.75,314.0,True,150,True,False,314.0,314.75,314.0,150,True,150,True,True
4.393854,1778595899.594011,175,4393854,66.0,69.0,147.0,105.0,152.0,117.0,155.0,110.0,210.0,168.0,980.0,1544.0,2276.0,919.0,287.0,286.0,119.0,67.0,60.0,60.0,86.0,92.0,98.0,88.0,134.0,535.0,1199.0,2783.0,3667.0,2718.0,546.0,128.0,134.0,88.0,75.0,69.0,93.0,90.0,89.0,104.0,166.0,205.0,1158.0,1466.0,3238.0,1496.0,883.0,318.0,92.0,71.0,86.0,61.0,75.0,80.0,58.0,72.0,59.0,125.0,199.0,361.0,625.0,768.0,444.0,239.0,165.0,95.0,70.0,83.0,88.0,85.0,72.0,78.0,74.0,150.0,168.0,151.0,194.0,231.0,160.0,127.0,123.0,114.0,89.0,91.0,77.0,86.0,73.0,72.0,75.0,113.0,87.0,109.0,87.0,135.0,86.0,81.0,144.0,107.0,73.0,88.0,91.0,88.0,89.0,99.0,84.0,101.0,88.0,93.0,77.0,97.0,72.0,97.0,345.0,245.0,166.0,187.0,147.0,200.0,135.0,185.0,142.0,372.0,167.0,176.0,117.0,235.0,128.0,196.0,321,0,-1,-2,-2,-2,-2,-2,-2,-2,-2,-2,-2,-2,-2,-2,-2,-2,-2,150,True,321.703125,321.0,True,150,True,False,321.0,321.703125,321.0,150,True,150,True,True
4.418855,1778595899.623864,176,4418855,73.0,76.0,139.0,104.0,148.0,111.0,156.0,110.0,202.0,162.0,907.0,1403.0,2094.0,860.0,288.0,289.0,119.0,73.0,64.0,70.0,86.0,95.0,110.0,86.0,137.0,537.0,1161.0,2632.0,3475.0,2649.0,554.0,130.0,144.0,79.0,81.0,71.0,94.0,95.0,98.0,108.0,168.0,215.0,1179.0,1553.0,3489.0,1619.0,959.0,356.0,97.0,86.0,89.0,61.0,72.0,84.0,50.0,61.0,57.0,140.0,208.0,409.0,754.0,929.0,539.0,281.0,170.0,85.0,72.0,87.0,87.0,81.0,70.0,78.0,88.0,151.0,174.0,160.0,215.0,278.0,183.0,134.0,132.0,105.0,82.0,93.0,86.0,85.0,72.0,83.0,77.0,121.0,87.0,93.0,96.0,132.0,96.0,79.0,132.0,106.0,94.0,80.0,91.0,91.0,88.0,98.0,94.0,98.0,98.0,89.0,72.0,95.0,69.0,107.0,362.0,241.0,153.0,184.0,149.0,197.0,130.0,172.0,126.0,376.0,156.0,175.0,102.0,220.0,127.0,197.0,324,0,-1,-2,-2,-2,-2,-2,-2,-2,-2,-2,-2,-2,-2,-2,-2,-2,-2,150,True,324.421875,324.0,True,150,True,False,324.0,324.421875,324.0,150,True,150,True,True
4.443856,1778595899.655537,177,4443856,73.0,72.0,134.0,110.0,154.0,108.0,161.0,113.0,211.0,168.0,839.0,1208.0,1895.0,784.0,269.0,287.0,118.0,71.0,52.0,73.0,81.0,72.0,105.0,90.0,126.0,519.0,1080.0,2420.0,3264.0,2606.0,563.0,145.0,129.0,85.0,88.0,66.0,93.0,82.0,99.0,112.0,167.0,223.0,1167.0,1573.0,3695.0,1757.0,1047.0,382.0,99.0,73.0,88.0,76.0,74.0,78.0,56.0,66.0,63.0,143.0,219.0,431.0,911.0,1130.0,636.0,323.0,165.0,88.0,78.0,85.0,81.0,81.0,66.0,70.0,81.0,159.0,188.0,181.0,239.0,322.0,217.0,151.0,127.0,104.0,92.0,92.0,74.0,84.0,69.0,71.0,84.0,124.0,93.0,110.0,96.0,147.0,105.0,79.0,151.0,115.0,90.0,88.0,89.0,86.0,91.0,88.0,89.0,98.0,90.0,83.0,75.0,91.0,70.0,108.0,352.0,232.0,164.0,190.0,158.0,188.0,129.0,179.0,138.0,373.0,166.0,177.0,121.0,214.0,126.0,181.0,324,0,-1,-2,-2,-2,-2,-2,-2,-2,-2,-2,-2,-2,-2,-2,-2,-2,-2,150,True,324.9609375,324.0,True,150,True,False,324.0,324.9609375,324.0,150,True,150,True,True
4.468855,1778595899.670861,178,4468855,73.0,73.0,148.0,106.0,146.0,115.0,159.0,116.0,201.0,147.0,725.0,1002.0,1654.0,728.0,264.0,286.0,123.0,63.0,64.0,60.0,88.0,93.0,102.0,88.0,132.0,498.0,957.0,2051.0,2950.0,2569.0,586.0,138.0,129.0,85.0,89.0,73.0,98.0,90.0,92.0,92.0,175.0,209.0,1102.0,1439.0,3671.0,1844.0,1130.0,415.0,91.0,74.0,84.0,67.0,74.0,72.0,56.0,74.0,57.0,137.0,217.0,457.0,995.0,1292.0,719.0,373.0,167.0,89.0,76.0,79.0,96.0,81.0,73.0,80.0,87.0,154.0,186.0,190.0,264.0,366.0,245.0,151.0,129.0,103.0,73.0,87.0,82.0,81.0,70.0,80.0,76.0,115.0,98.0,105.0,104.0,147.0,105.0,83.0,138.0,112.0,90.0,96.0,82.0,87.0,86.0,92.0,82.0,93.0,90.0,84.0,73.0,93.0,72.0,116.0,359.0,248.0,168.0,189.0,145.0,185.0,133.0,179.0,140.0,380.0,167.0,179.0,117.0,219.0,126.0,184.0,317,0,-1,-2,-2,-2,-2,-2,-2,-2,-2,-2,-2,-2,-2,-2,-2,-2,-2,150,True,317.2109375,317.0,True,150,True,False,317.0,317.2109375,317.0,150,True,150,True,True
4.493857,1778595899.683322,179,4493857,69.0,74.0,136.0,101.0,152.0,113.0,155.0,101.0,208.0,147.0,636.0,844.0,1490.0,673.0,273.0,294.0,117.0,64.0,62.0,62.0,87.0,95.0,104.0,91.0,128.0,461.0,835.0,1768.0,2708.0,2520.0,600.0,141.0,135.0,76.0,83.0,59.0,85.0,89.0,89.0,93.0,171.0,217.0,1012.0,1275.0,3564.0,1905.0,1221.0,444.0,103.0,76.0,78.0,64.0,72.0,80.0,56.0,63.0,55.0,132.0,216.0,442.0,1041.0,1415.0,795.0,415.0,164.0,93.0,79.0,78.0,91.0,84.0,74.0,74.0,83.0,151.0,193.0,185.0,279.0,390.0,280.0,165.0,119.0,103.0,81.0,95.0,77.0,86.0,71.0,75.0,86.0,126.0,99.0,100.0,98.0,149.0,110.0,82.0,137.0,108.0,81.0,83.0,86.0,89.0,84.0,96.0,84.0,96.0,96.0,79.0,82.0,97.0,66.0,111.0,356.0,237.0,159.0,185.0,148.0,197.0,130.0,181.0,137.0,376.0,159.0,172.0,118.0,218.0,126.0,197.0,308,0,-1,-2,-2,-2,-2,-2,-2,-2,-2,-2,-2,-2,-2,-2,-2,-2,-2,150,True,308.7578125,308.0,True,150,True,False,308.0,308.7578125,308.0,150,True,150,True,True
4.51886,1778595899.695101,180,4518860,71.0,74.0,143.0,107.0,154.0,124.0,158.0,114.0,208.0,145.0,597.0,771.0,1420.0,653.0,263.0,282.0,112.0,71.0,63.0,71.0,92.0,89.0,103.0,88.0,132.0,453.0,792.0,1684.0,2644.0,2561.0,638.0,137.0,129.0,85.0,87.0,71.0,98.0,89.0,104.0,98.0,178.0,209.0,971.0,1267.0,3666.0,2009.0,1294.0,471.0,94.0,79.0,82.0,69.0,77.0,73.0,56.0,72.0,56.0,128.0,206.0,457.0,1140.0,1569.0,881.0,447.0,167.0,86.0,73.0,88.0,87.0,89.0,71.0,86.0,82.0,145.0,192.0,201.0,298.0,423.0,294.0,178.0,128.0,111.0,86.0,97.0,82.0,83.0,65.0,86.0,69.0,113.0,102.0,111.0,114.0,162.0,115.0,76.0,144.0,105.0,80.0,87.0,88.0,87.0,85.0,105.0,89.0,95.0,90.0,93.0,79.0,88.0,72.0,103.0,350.0,251.0,155.0,191.0,155.0,198.0,141.0,179.0,138.0,379.0,168.0,176.0,126.0,226.0,131.0,180.0,313,0,-1,-2,-2,-2,-2,-2,-2,-2,-2,-2,-2,-2,-2,-2,-2,-2,-2,150,True,313.4375,313.0,True,150,True,False,313.0,313.4375,313.0,150,True,150,True,True
4.543859,1778595899.70492,181,4543859,72.0,71.0,143.0,105.0,153.0,117.0,156.0,118.0,211.0,136.0,589.0,769.0,1420.0,677.0,288.0,298.0,120.0,63.0,71.0,57.0,92.0,85.0,94.0,89.0,129.0,443.0,798.0,1709.0,2687.0,2610.0,675.0,148.0,120.0,82.0,87.0,72.0,94.0,86.0,95.0,107.0,174.0,201.0,993.0,1322.0,3848.0,2100.0,1365.0,488.0,89.0,71.0,87.0,67.0,73.0,79.0,62.0,57.0,52.0,128.0,212.0,474.0,1225.0,1682.0,931.0,486.0,168.0,83.0,77.0,82.0,94.0,88.0,68.0,79.0,80.0,151.0,197.0,207.0,321.0,441.0,323.0,172.0,127.0,107.0,85.0,99.0,72.0,73.0,82.0,71.0,83.0,123.0,93.0,118.0,110.0,170.0,127.0,85.0,143.0,117.0,86.0,90.0,88.0,84.0,96.0,102.0,77.0,87.0,89.0,79.0,78.0,79.0,75.0,106.0,360.0,241.0,153.0,191.0,145.0,193.0,136.0,173.0,130.0,379.0,181.0,174.0,114.0,219.0,133.0,197.0,320,0,-1,-2,-2,-2,-2,-2,-2,-2,-2,-2,-2,-2,-2,-2,-2,-2,-2,150,True,320.7265625,320.0,True,150,True,False,320.0,320.7265625,320.0,150,True,150,True,True
4.568862,1778595899.73321,182,4568862,81.0,81.0,149.0,118.0,159.0,123.0,165.0,111.0,198.0,147.0,577.0,754.0,1428.0,676.0,276.0,291.0,118.0,73.0,59.0,72.0,83.0,92.0,99.0,85.0,125.0,438.0,792.0,1681.0,2688.0,2630.0,694.0,152.0,136.0,89.0,79.0,62.0,98.0,88.0,94.0,101.0,165.0,212.0,970.0,1273.0,3785.0,2103.0,1392.0,507.0,98.0,75.0,86.0,70.0,82.0,80.0,53.0,72.0,61.0,128.0,223.0,472.0,1202.0,1670.0,943.0,498.0,171.0,94.0,69.0,87.0,84.0,88.0,71.0,85.0,81.0,154.0,197.0,201.0,309.0,455.0,334.0,184.0,128.0,114.0,97.0,86.0,85.0,90.0,77.0,79.0,65.0,125.0,101.0,118.0,122.0,176.0,114.0,75.0,148.0,112.0,86.0,79.0,85.0,83.0,98.0,94.0,88.0,105.0,95.0,72.0,79.0,92.0,79.0,113.0,354.0,252.0,156.0,193.0,154.0,200.0,124.0,182.0,132.0,379.0,168.0,166.0,120.0,219.0,134.0,204.0,321,0,-1,-2,-2,-2,-2,-2,-2,-2,-2,-2,-2,-2,-2,-2,-2,-2,-2,150,True,321.4296875,321.0,True,150,True,False,321.0,321.4296875,321.0,150,True,150,True,True
4.59386,1778595899.758498,183,4593860,74.0,66.0,138.0,112.0,156.0,117.0,154.0,104.0,200.0,137.0,562.0,749.0,1425.0,683.0,279.0,292.0,116.0,71.0,56.0,71.0,80.0,99.0,104.0,99.0,131.0,439.0,769.0,1663.0,2682.0,2636.0,713.0,142.0,127.0,73.0,82.0,55.0,96.0,83.0,89.0,97.0,172.0,203.0,950.0,1217.0,3686.0,2085.0,1401.0,515.0,90.0,75.0,83.0,77.0,81.0,83.0,54.0,59.0,58.0,137.0,213.0,455.0,1152.0,1631.0,937.0,506.0,169.0,94.0,78.0,84.0,88.0,82.0,70.0,80.0,81.0,156.0,198.0,196.0,303.0,455.0,326.0,186.0,127.0,104.0,89.0,89.0,79.0,90.0,74.0,83.0,72.0,124.0,95.0,110.0,98.0,173.0,119.0,79.0,141.0,117.0,83.0,76.0,88.0,91.0,91.0,93.0,87.0,102.0,93.0,81.0,65.0,90.0,72.0,106.0,349.0,246.0,162.0,183.0,159.0,190.0,133.0,185.0,128.0,378.0,167.0,170.0,105.0,222.0,134.0,191.0,316,0,-1,-2,-2,-2,-2,-2,-2,-2,-2,-2,-2,-2,-2,-2,-2,-2,-2,150,True,316.953125,316.0,True,150,True,False,316.0,316.953125,316.0,150,True,150,True,True
4.618864,1778595899.793088,184,4618864,70.0,70.0,139.0,100.0,149.0,107.0,156.0,103.0,203.0,134.0,572.0,778.0,1473.0,722.0,292.0,297.0,123.0,67.0,61.0,58.0,85.0,97.0,98.0,85.0,122.0,432.0,772.0,1720.0,2744.0,2674.0,734.0,152.0,136.0,84.0,85.0,66.0,94.0,82.0,94.0,106.0,172.0,201.0,946.0,1272.0,3738.0,2100.0,1408.0,517.0,96.0,80.0,83.0,72.0,70.0,87.0,55.0,70.0,56.0,128.0,210.0,451.0,1146.0,1613.0,934.0,509.0,170.0,92.0,67.0,82.0,79.0,82.0,57.0,80.0,73.0,144.0,198.0,202.0,302.0,438.0,315.0,179.0,114.0,98.0,89.0,88.0,82.0,96.0,67.0,79.0,81.0,123.0,102.0,109.0,107.0,174.0,117.0,85.0,137.0,121.0,77.0,83.0,80.0,81.0,89.0,98.0,82.0,101.0,88.0,81.0,84.0,94.0,70.0,114.0,361.0,248.0,156.0,177.0,135.0,179.0,139.0,177.0,139.0,375.0,156.0,172.0,120.0,209.0,125.0,201.0,319,0,-1,-2,-2,-2,-2,-2,-2,-2,-2,-2,-2,-2,-2,-2,-2,-2,-2,150,True,319.296875,319.0,True,150,True,False,319.0,319.296875,319.0,150,True,150,True,True
4.643865,1778595899.821238,185,4643865,70.0,79.0,145.0,106.0,153.0,113.0,157.0,108.0,195.0,139.0,579.0,792.0,1509.0,741.0,281.0,293.0,119.0,69.0,70.0,71.0,86.0,100.0,107.0,88.0,131.0,420.0,771.0,1708.0,2783.0,2709.0,758.0,149.0,132.0,87.0,79.0,66.0,95.0,90.0,95.0,95.0,169.0,200.0,909.0,1203.0,3561.0,2056.0,1402.0,529.0,98.0,75.0,90.0,78.0,78.0,72.0,56.0,62.0,54.0,128.0,203.0,415.0,1039.0,1528.0,899.0,512.0,165.0,94.0,72.0,91.0,89.0,78.0,77.0,84.0,87.0,144.0,193.0,196.0,284.0,422.0,315.0,177.0,125.0,108.0,87.0,97.0,77.0,86.0,66.0,83.0,87.0,125.0,88.0,109.0,107.0,167.0,113.0,78.0,144.0,112.0,90.0,86.0,92.0,85.0,96.0,108.0,86.0,93.0,88.0,89.0,80.0,90.0,69.0,109.0,348.0,246.0,147.0,190.0,149.0,198.0,126.0,176.0,134.0,381.0,169.0,172.0,126.0,213.0,128.0,189.0,316,0,-1,-2,-2,-2,-2,-2,-2,-2,-2,-2,-2,-2,-2,-2,-2,-2,-2,150,True,316.671875,316.0,True,150,True,False,316.0,316.671875,316.0,150,True,150,True,True
4.668864,1778595899.844537,186,4668864,64.0,73.0,143.0,108.0,154.0,118.0,162.0,104.0,212.0,139.0,564.0,771.0,1516.0,747.0,296.0,292.0,114.0,73.0,59.0,70.0,85.0,93.0,105.0,89.0,127.0,413.0,720.0,1607.0,2718.0,2744.0,779.0,137.0,143.0,74.0,84.0,74.0,88.0,86.0,98.0,104.0,170.0,195.0,868.0,1054.0,3349.0,2049.0,1435.0,548.0,94.0,73.0,87.0,67.0,62.0,70.0,59.0,66.0,61.0,118.0,191.0,372.0,940.0,1470.0,910.0,526.0,168.0,87.0,67.0,87.0,78.0,86.0,61.0,83.0,82.0,153.0,193.0,185.0,273.0,399.0,312.0,181.0,128.0,101.0,87.0,94.0,77.0,96.0,72.0,84.0,80.0,118.0,106.0,105.0,114.0,164.0,110.0,83.0,137.0,104.0,80.0,88.0,87.0,83.0,92.0,103.0,88.0,96.0,99.0,88.0,74.0,99.0,72.0,109.0,365.0,244.0,171.0,190.0,146.0,193.0,137.0,178.0,134.0,371.0,168.0,174.0,104.0,220.0,128.0,191.0,310,0,-1,-2,-2,-2,-2,-2,-2,-2,-2,-2,-2,-2,-2,-2,-2,-2,-2,150,True,310.21875,310.0,True,150,True,False,310.0,310.21875,310.0,150,True,150,True,True
4.693867,1778595899.860455,187,4693867,71.0,71.0,140.0,116.0,155.0,117.0,161.0,102.0,205.0,133.0,517.0,699.0,1427.0,726.0,299.0,299.0,126.0,72.0,62.0,64.0,85.0,97.0,103.0,95.0,132.0,383.0,648.0,1399.0,2500.0,2693.0,782.0,154.0,137.0,79.0,82.0,71.0,102.0,87.0,100.0,105.0,158.0,175.0,753.0,852.0,2872.0,1936.0,1442.0,554.0,95.0,79.0,82.0,69.0,74.0,73.0,54.0,60.0,51.0,126.0,191.0,318.0,784.0,1351.0,895.0,521.0,168.0,91.0,85.0,88.0,79.0,83.0,68.0,85.0,81.0,146.0,191.0,173.0,250.0,385.0,296.0,186.0,123.0,95.0,84.0,88.0,76.0,91.0,71.0,75.0,81.0,125.0,90.0,98.0,108.0,161.0,127.0,77.0,135.0,117.0,90.0,90.0,84.0,88.0,90.0,98.0,90.0,97.0,92.0,84.0,74.0,97.0,70.0,109.0,354.0,237.0,160.0,189.0,149.0,194.0,140.0,177.0,139.0,384.0,167.0,165.0,118.0,212.0,125.0,196.0,293,0,-1,-2,-2,-2,-2,-2,-2,-2,-2,-2,-2,-2,-2,-2,-2,-2,-2,150,True,293.7265625,293.0,True,150,True,False,293.0,293.7265625,293.0,150,True,150,True,True
4.718867,1778595899.892393,188,4718867,69.0,70.0,147.0,105.0,160.0,121.0,154.0,107.0,199.0,135.0,460.0,585.0,1299.0,714.0,294.0,295.0,118.0,70.0,63.0,57.0,87.0,100.0,100.0,86.0,114.0,361.0,556.0,1089.0,2149.0,2658.0,856.0,143.0,136.0,77.0,76.0,77.0,92.0,91.0,91.0,99.0,158.0,160.0,623.0,603.0,2248.0,1833.0,1548.0,583.0,98.0,76.0,80.0,72.0,78.0,84.0,63.0,64.0,63.0,119.0,169.0,255.0,597.0,1210.0,915.0,533.0,175.0,91.0,78.0,78.0,88.0,78.0,68.0,83.0,89.0,144.0,182.0,166.0,235.0,359.0,306.0,193.0,119.0,126.0,89.0,93.0,78.0,92.0,70.0,76.0,85.0,113.0,94.0,100.0,101.0,151.0,123.0,79.0,144.0,113.0,88.0,79.0,95.0,83.0,87.0,105.0,94.0,105.0,87.0,80.0,73.0,92.0,73.0,97.0,351.0,249.0,159.0,198.0,134.0,202.0,128.0,184.0,144.0,373.0,161.0,174.0,110.0,220.0,121.0,205.0,274,0,-1,-2,-2,-2,-2,-2,-2,-2,-2,-2,-2,-2,-2,-2,-2,-2,-2,150,True,274.234375,274.0,True,150,True,False,274.0,274.234375,274.0,150,True,150,True,True
4.743868,1778595899.908451,189,4743868,62.0,67.0,143.0,112.0,152.0,122.0,163.0,108.0,193.0,126.0,409.0,487.0,1137.0,658.0,300.0,284.0,111.0,69.0,60.0,68.0,93.0,88.0,99.0,78.0,109.0,327.0,466.0,844.0,1724.0,2534.0,895.0,154.0,129.0,78.0,77.0,73.0,89.0,87.0,96.0,103.0,150.0,163.0,530.0,427.0,1600.0,1608.0,1652.0,596.0,98.0,84.0,83.0,66.0,66.0,88.0,56.0,65.0,65.0,121.0,144.0,212.0,431.0,1003.0,930.0,545.0,172.0,95.0,78.0,87.0,88.0,75.0,70.0,85.0,81.0,150.0,167.0,143.0,212.0,331.0,291.0,183.0,125.0,110.0,92.0,96.0,73.0,89.0,75.0,86.0,76.0,124.0,83.0,94.0,93.0,149.0,114.0,80.0,148.0,104.0,84.0,86.0,86.0,89.0,92.0,100.0,81.0,100.0,93.0,78.0,76.0,102.0,71.0,109.0,350.0,240.0,152.0,181.0,142.0,189.0,136.0,183.0,136.0,380.0,162.0,173.0,111.0,217.0,136.0,189.0,251,0,-1,-2,-2,-2,-2,-2,-2,-2,-2,-2,-2,-2,-2,-2,-2,-2,-2,150,True,251.5625,251.0,True,150,True,False,251.0,251.5625,251.0,150,True,150,True,True
4.76887,1778595899.946412,190,4768870,66.0,73.0,138.0,115.0,150.0,125.0,160.0,103.0,200.0,127.0,360.0,389.0,921.0,543.0,284.0,291.0,114.0,68.0,59.0,56.0,88.0,97.0,99.0,89.0,109.0,289.0,383.0,663.0,1306.0,2112.0,770.0,149.0,142.0,82.0,84.0,70.0,96.0,79.0,94.0,101.0,138.0,145.0,452.0,339.0,1136.0,1253.0,1461.0,551.0,112.0,71.0,82.0,60.0,70.0,77.0,62.0,64.0,60.0,116.0,150.0,172.0,343.0,791.0,831.0,491.0,164.0,94.0,77.0,88.0,88.0,89.0,69.0,77.0,81.0,144.0,152.0,130.0,190.0,296.0,266.0,177.0,126.0,104.0,90.0,88.0,70.0,95.0,74.0,87.0,59.0,128.0,100.0,100.0,94.0,138.0,96.0,78.0,148.0,113.0,86.0,86.0,87.0,87.0,90.0,101.0,94.0,105.0,90.0,73.0,80.0,92.0,65.0,120.0,358.0,249.0,153.0,186.0,145.0,202.0,143.0,188.0,129.0,371.0,169.0,159.0,111.0,216.0,124.0,187.0,223,0,-1,-2,-2,-2,-2,-2,-2,-2,-2,-2,-2,-2,-2,-2,-2,-2,-2,150,True,223.3359375,223.0,True,150,True,False,223.0,223.3359375,223.0,150,True,150,True,True
4.79387,1778595899.97156,191,4793870,70.0,70.0,143.0,102.0,152.0,111.0,168.0,106.0,192.0,121.0,335.0,317.0,806.0,480.0,265.0,299.0,119.0,70.0,62.0,67.0,90.0,94.0,105.0,88.0,112.0,277.0,354.0,615.0,1145.0,1856.0,639.0,142.0,134.0,83.0,80.0,68.0,92.0,93.0,94.0,88.0,137.0,141.0,425.0,331.0,1027.0,1104.0,1277.0,509.0,95.0,76.0,81.0,73.0,72.0,80.0,57.0,61.0,55.0,111.0,139.0,184.0,344.0,754.0,762.0,450.0,168.0,92.0,78.0,81.0,86.0,86.0,66.0,73.0,85.0,131.0,168.0,138.0,193.0,283.0,252.0,175.0,129.0,106.0,98.0,79.0,82.0,90.0,75.0,81.0,65.0,117.0,93.0,105.0,103.0,137.0,102.0,73.0,150.0,113.0,86.0,95.0,72.0,87.0,92.0,103.0,88.0,101.0,81.0,85.0,73.0,91.0,73.0,115.0,344.0,233.0,165.0,194.0,152.0,189.0,132.0,187.0,121.0,377.0,152.0,167.0,106.0,215.0,124.0,198.0,210,0,-1,-2,-2,-2,-2,-2,-2,-2,-2,-2,-2,-2,-2,-2,-2,-2,-2,150,True,210.15625,210.0,True,150,True,False,210.0,210.15625,210.0,150,True,150,True,True
4.818872,1778595899.987369,192,4818872,71.0,80.0,140.0,112.0,148.0,115.0,162.0,116.0,189.0,122.0,348.0,359.0,867.0,494.0,263.0,289.0,111.0,66.0,64.0,59.0,94.0,105.0,106.0,90.0,105.0,286.0,417.0,737.0,1348.0,1987.0,653.0,147.0,133.0,82.0,82.0,68.0,95.0,89.0,89.0,103.0,145.0,143.0,531.0,444.0,1411.0,1308.0,1354.0,513.0,97.0,77.0,88.0,69.0,75.0,75.0,58.0,67.0,60.0,120.0,163.0,247.0,522.0,1038.0,889.0,494.0,178.0,92.0,75.0,90.0,94.0,82.0,65.0,75.0,80.0,147.0,180.0,161.0,247.0,350.0,286.0,180.0,119.0,118.0,80.0,103.0,77.0,85.0,67.0,73.0,77.0,120.0,95.0,98.0,99.0,144.0,106.0,88.0,148.0,105.0,94.0,84.0,79.0,81.0,102.0,91.0,86.0,99.0,96.0,86.0,66.0,90.0,71.0,113.0,362.0,242.0,154.0,194.0,145.0,184.0,121.0,180.0,135.0,388.0,168.0,180.0,115.0,208.0,129.0,192.0,230,0,-1,-2,-2,-2,-2,-2,-2,-2,-2,-2,-2,-2,-2,-2,-2,-2,-2,150,True,230.453125,230.0,True,150,True,False,230.0,230.453125,230.0,150,True,150,True,True
4.843869,1778595900.019011,193,4843869,74.0,69.0,141.0,103.0,160.0,116.0,158.0,103.0,184.0,128.0,388.0,411.0,948.0,491.0,261.0,289.0,125.0,63.0,64.0,72.0,89.0,89.0,101.0,92.0,105.0,337.0,527.0,978.0,1607.0,1976.0,588.0,144.0,141.0,78.0,90.0,70.0,97.0,88.0,88.0,99.0,153.0,175.0,746.0,660.0,2011.0,1459.0,1248.0,495.0,92.0,73.0,81.0,71.0,79.0,75.0,64.0,72.0,56.0,137.0,222.0,385.0,886.0,1386.0,927.0,485.0,171.0,93.0,77.0,77.0,91.0,76.0,70.0,83.0,79.0,156.0,209.0,228.0,313.0,441.0,328.0,180.0,130.0,112.0,88.0,95.0,77.0,87.0,71.0,79.0,77.0,120.0,97.0,120.0,116.0,152.0,105.0,78.0,137.0,104.0,73.0,72.0,81.0,81.0,99.0,102.0,90.0,94.0,86.0,86.0,80.0,89.0,75.0,101.0,355.0,237.0,160.0,196.0,132.0,183.0,126.0,187.0,129.0,378.0,171.0,179.0,106.0,208.0,128.0,188.0,254,0,-1,-2,-2,-2,-2,-2,-2,-2,-2,-2,-2,-2,-2,-2,-2,-2,-2,150,True,254.3671875,254.0,True,150,True,False,254.0,254.3671875,254.0,150,True,150,True,True
4.868871,1778595900.035684,194,4868871,78.0,60.0,145.0,104.0,148.0,117.0,150.0,103.0,199.0,128.0,437.0,471.0,996.0,488.0,254.0,291.0,131.0,65.0,57.0,58.0,89.0,99.0,102.0,87.0,127.0,387.0,668.0,1225.0,1808.0,1888.0,502.0,145.0,136.0,83.0,86.0,69.0,95.0,82.0,81.0,90.0,170.0,216.0,1037.0,995.0,2697.0,1506.0,1083.0,459.0,92.0,73.0,84.0,67.0,74.0,75.0,54.0,65.0,45.0,155.0,287.0,615.0,1417.0,1679.0,901.0,475.0,174.0,83.0,80.0,93.0,93.0,80.0,63.0,87.0,90.0,173.0,273.0,312.0,401.0,524.0,335.0,182.0,133.0,108.0,78.0,99.0,83.0,82.0,68.0,76.0,81.0,133.0,112.0,132.0,113.0,184.0,109.0,77.0,146.0,111.0,87.0,83.0,87.0,83.0,87.0,104.0,86.0,95.0,103.0,88.0,79.0,99.0,77.0,111.0,354.0,248.0,160.0,201.0,153.0,188.0,129.0,175.0,140.0,379.0,168.0,180.0,119.0,211.0,120.0,200.0,281,0,-1,-2,-2,-2,-2,-2,-2,-2,-2,-2,-2,-2,-2,-2,-2,-2,-2,150,True,281.34375,281.0,True,150,True,False,281.0,281.34375,281.0,150,True,150,True,True
4.893874,1778595900.071335,195,4893874,74.0,75.0,149.0,102.0,164.0,117.0,151.0,101.0,198.0,128.0,451.0,500.0,981.0,462.0,247.0,287.0,118.0,67.0,69.0,57.0,85.0,88.0,101.0,92.0,121.0,424.0,737.0,1347.0,1776.0,1706.0,440.0,142.0,144.0,70.0,84.0,69.0,87.0,87.0,102.0,103.0,188.0,261.0,1271.0,1285.0,3021.0,1406.0,940.0,438.0,98.0,77.0,91.0,61.0,73.0,80.0,61.0,66.0,59.0,183.0,376.0,851.0,1870.0,1798.0,856.0,464.0,166.0,89.0,75.0,79.0,86.0,71.0,66.0,79.0,75.0,201.0,339.0,367.0,475.0,581.0,345.0,190.0,119.0,110.0,79.0,89.0,75.0,87.0,76.0,69.0,81.0,137.0,125.0,153.0,124.0,198.0,120.0,89.0,136.0,109.0,74.0,79.0,86.0,87.0,92.0,93.0,85.0,108.0,104.0,74.0,81.0,97.0,69.0,111.0,353.0,239.0,156.0,181.0,145.0,198.0,134.0,182.0,139.0,379.0,170.0,183.0,116.0,214.0,127.0,193.0,295,0,-1,-2,-2,-2,-2,-2,-2,-2,-2,-2,-2,-2,-2,-2,-2,-2,-2,150,True,295.203125,295.0,True,150,True,False,295.0,295.203125,295.0,150,True,150,True,True
4.918876,1778595900.082356,196,4918876,72.0,73.0,146.0,105.0,151.0,107.0,164.0,111.0,204.0,131.0,468.0,477.0,906.0,427.0,243.0,279.0,125.0,70.0,67.0,64.0,93.0,101.0,103.0,98.0,144.0,466.0,774.0,1355.0,1615.0,1481.0,373.0,142.0,137.0,76.0,74.0,67.0,97.0,78.0,101.0,118.0,209.0,276.0,1479.0,1486.0,3042.0,1245.0,785.0,395.0,84.0,82.0,80.0,63.0,69.0,83.0,57.0,66.0,61.0,209.0,437.0,1097.0,2194.0,1782.0,774.0,426.0,168.0,97.0,67.0,84.0,94.0,79.0,60.0,84.0,79.0,218.0,403.0,444.0,538.0,621.0,345.0,183.0,127.0,98.0,97.0,88.0,79.0,83.0,61.0,83.0,87.0,146.0,131.0,181.0,143.0,214.0,129.0,78.0,141.0,103.0,80.0,88.0,88.0,80.0,90.0,98.0,97.0,105.0,111.0,89.0,78.0,100.0,67.0,106.0,361.0,249.0,165.0,197.0,149.0,188.0,136.0,181.0,132.0,381.0,166.0,168.0,111.0,222.0,137.0,195.0,300,0,-1,-2,-2,-2,-2,-2,-2,-2,-2,-2,-2,-2,-2,-2,-2,-2,-2,150,True,300.09375,300.0,True,150,True,False,300.0,300.09375,300.0,150,True,150,True,True
4.943876,1778595900.114357,197,4943876,74.0,73.0,152.0,101.0,153.0,115.0,158.0,112.0,207.0,129.0,461.0,459.0,827.0,399.0,241.0,282.0,110.0,67.0,62.0,62.0,90.0,89.0,102.0,91.0,135.0,503.0,833.0,1370.0,1480.0,1292.0,314.0,133.0,134.0,70.0,72.0,54.0,95.0,95.0,95.0,111.0,223.0,335.0,1731.0,1767.0,3072.0,1085.0,666.0,356.0,86.0,76.0,77.0,73.0,75.0,77.0,57.0,67.0,62.0,243.0,543.0,1444.0,2597.0,1742.0,709.0,400.0,157.0,88.0,74.0,75.0,89.0,88.0,71.0,78.0,89.0,243.0,491.0,526.0,607.0,650.0,336.0,180.0,131.0,107.0,90.0,96.0,74.0,78.0,67.0,77.0,87.0,157.0,144.0,202.0,163.0,232.0,138.0,80.0,137.0,118.0,73.0,87.0,84.0,79.0,85.0,100.0,94.0,109.0,99.0,92.0,78.0,97.0,68.0,105.0,347.0,248.0,157.0,191.0,144.0,189.0,138.0,184.0,137.0,384.0,166.0,175.0,122.0,217.0,125.0,194.0,307,0,-1,-2,-2,-2,-2,-2,-2,-2,-2,-2,-2,-2,-2,-2,-2,-2,-2,150,True,307.4453125,307.0,True,150,True,False,307.0,307.4453125,307.0,150,True,150,True,True
4.968877,1778595900.14618,198,4968877,69.0,72.0,142.0,97.0,163.0,109.0,155.0,118.0,204.0,135.0,459.0,436.0,771.0,375.0,224.0,284.0,115.0,72.0,61.0,68.0,87.0,95.0,104.0,94.0,145.0,552.0,886.0,1406.0,1356.0,1149.0,288.0,143.0,137.0,82.0,80.0,70.0,90.0,88.0,89.0,112.0,245.0,378.0,2019.0,2081.0,3116.0,985.0,587.0,334.0,103.0,71.0,80.0,70.0,72.0,86.0,63.0,69.0,62.0,279.0,670.0,1949.0,3107.0,1763.0,654.0,379.0,169.0,95.0,66.0,84.0,84.0,84.0,72.0,92.0,82.0,281.0,593.0,638.0,704.0,687.0,328.0,184.0,127.0,100.0,84.0,84.0,85.0,86.0,77.0,80.0,96.0,161.0,171.0,257.0,170.0,245.0,128.0,88.0,150.0,110.0,84.0,87.0,81.0,87.0,90.0,100.0,95.0,114.0,118.0,96.0,79.0,107.0,76.0,120.0,355.0,244.0,157.0,194.0,145.0,189.0,137.0,189.0,137.0,392.0,158.0,177.0,112.0,209.0,139.0,192.0,323,0,-1,-2,-2,-2,-2,-2,-2,-2,-2,-2,-2,-2,-2,-2,-2,-2,-2,150,True,323.484375,323.0,True,150,True,False,323.0,323.484375,323.0,150,True,150,True,True
4.993879,1778595900.17977,199,4993879,74.0,76.0,147.0,114.0,150.0,123.0,156.0,114.0,201.0,144.0,446.0,404.0,683.0,333.0,232.0,291.0,114.0,72.0,58.0,72.0,94.0,87.0,100.0,100.0,151.0,588.0,887.0,1342.0,1195.0,1028.0,238.0,134.0,141.0,92.0,81.0,76.0,82.0,94.0,99.0,112.0,277.0,417.0,2197.0,2268.0,2954.0,875.0,525.0,317.0,103.0,85.0,88.0,67.0,78.0,82.0,58.0,80.0,65.0,323.0,793.0,2398.0,3452.0,1719.0,625.0,359.0,160.0,93.0,86.0,80.0,84.0,83.0,73.0,83.0,88.0,304.0,714.0,767.0,789.0,730.0,346.0,183.0,122.0,101.0,91.0,88.0,72.0,88.0,71.0,85.0,88.0,183.0,198.0,317.0,208.0,278.0,139.0,91.0,144.0,104.0,82.0,82.0,88.0,86.0,93.0,108.0,87.0,112.0,103.0,104.0,94.0,110.0,70.0,109.0,359.0,258.0,158.0,186.0,139.0,191.0,143.0,184.0,144.0,373.0,168.0,184.0,112.0,219.0,129.0,178.0,332,0,-1,-2,-2,-2,-2,-2,-2,-2,-2,-2,-2,-2,-2,-2,-2,-2,-2,150,True,332.140625,332.0,True,150,True,False,332.0,332.140625,332.0,150,True,150,True,True
5.01888,1778595900.199698,200,5018880,72.0,76.0,137.0,107.0,158.0,115.0,156.0,110.0,196.0,128.0,409.0,346.0,601.0,316.0,220.0,280.0,114.0,69.0,65.0,55.0,90.0,98.0,105.0,104.0,152.0,550.0,804.0,1194.0,997.0,902.0,216.0,127.0,133.0,75.0,68.0,57.0,90.0,82.0,102.0,116.0,293.0,425.0,2142.0,2169.0,2598.0,757.0,480.0,301.0,95.0,76.0,88.0,68.0,74.0,77.0,61.0,72.0,59.0,340.0,834.0,2559.0,3433.0,1626.0,585.0,348.0,173.0,93.0,73.0,74.0,81.0,87.0,74.0,87.0,85.0,324.0,794.0,817.0,834.0,758.0,349.0,186.0,135.0,115.0,90.0,90.0,80.0,92.0,80.0,91.0,103.0,200.0,216.0,346.0,221.0,293.0,145.0,88.0,153.0,103.0,77.0,82.0,85.0,85.0,94.0,104.0,98.0,128.0,114.0,105.0,104.0,119.0,70.0,112.0,348.0,249.0,149.0,193.0,136.0,200.0,131.0,178.0,128.0,379.0,160.0,167.0,127.0,216.0,129.0,190.0,322,0,-1,-2,-2,-2,-2,-2,-2,-2,-2,-2,-2,-2,-2,-2,-2,-2,-2,150,True,322.9609375,322.0,True,150,True,False,322.0,322.9609375,322.0,150,True,150,True,True
5.043882,1778595900.209665,201,5043882,72.0,74.0,144.0,106.0,162.0,113.0,156.0,110.0,204.0,135.0,382.0,300.0,554.0,291.0,223.0,284.0,125.0,74.0,70.0,65.0,90.0,85.0,104.0,82.0,150.0,543.0,750.0,1071.0,906.0,851.0,203.0,141.0,141.0,82.0,81.0,72.0,89.0,93.0,101.0,117.0,301.0,415.0,2101.0,2066.0,2419.0,728.0,459.0,295.0,105.0,81.0,89.0,66.0,77.0,84.0,66.0,76.0,64.0,347.0,863.0,2732.0,3592.0,1657.0,588.0,345.0,173.0,87.0,74.0,78.0,79.0,81.0,64.0,91.0,90.0,331.0,844.0,905.0,904.0,793.0,343.0,188.0,122.0,115.0,93.0,95.0,82.0,89.0,77.0,78.0,113.0,200.0,222.0,372.0,237.0,311.0,150.0,83.0,137.0,112.0,89.0,76.0,78.0,78.0,99.0,107.0,93.0,124.0,121.0,119.0,103.0,106.0,76.0,111.0,358.0,245.0,161.0,197.0,148.0,193.0,131.0,180.0,126.0,381.0,168.0,182.0,116.0,229.0,133.0,192.0,323,0,-1,-2,-2,-2,-2,-2,-2,-2,-2,-2,-2,-2,-2,-2,-2,-2,-2,150,True,323.0078125,323.0,True,150,True,False,323.0,323.0078125,323.0,150,True,150,True,True
5.06888,1778595900.241951,202,5068880,76.0,67.0,144.0,119.0,152.0,114.0,156.0,109.0,202.0,126.0,365.0,281.0,526.0,279.0,213.0,293.0,120.0,62.0,64.0,53.0,91.0,100.0,105.0,104.0,151.0,518.0,699.0,979.0,863.0,825.0,200.0,137.0,132.0,87.0,80.0,64.0,94.0,84.0,93.0,116.0,312.0,415.0,2016.0,1955.0,2339.0,721.0,467.0,286.0,88.0,72.0,80.0,64.0,75.0,76.0,56.0,69.0,60.0,359.0,880.0,2830.0,3708.0,1706.0,605.0,348.0,166.0,88.0,73.0,84.0,89.0,84.0,64.0,93.0,89.0,352.0,883.0,942.0,950.0,840.0,365.0,188.0,131.0,108.0,91.0,83.0,83.0,90.0,68.0,84.0,117.0,218.0,248.0,395.0,245.0,320.0,152.0,79.0,143.0,107.0,87.0,85.0,84.0,84.0,96.0,110.0,104.0,130.0,127.0,127.0,104.0,119.0,74.0,110.0,361.0,245.0,160.0,187.0,144.0,201.0,129.0,186.0,136.0,385.0,174.0,182.0,128.0,221.0,142.0,198.0,323,0,-1,-2,-2,-2,-2,-2,-2,-2,-2,-2,-2,-2,-2,-2,-2,-2,-2,150,True,323.140625,323.0,True,150,True,False,323.0,323.140625,323.0,150,True,150,True,True
5.09388,1778595900.270268,203,5093880,70.0,71.0,152.0,106.0,155.0,120.0,166.0,111.0,201.0,128.0,345.0,264.0,492.0,275.0,220.0,285.0,121.0,54.0,65.0,65.0,87.0,92.0,106.0,111.0,150.0,508.0,681.0,941.0,839.0,808.0,191.0,135.0,144.0,74.0,83.0,70.0,90.0,84.0,104.0,118.0,318.0,415.0,1968.0,1855.0,2261.0,726.0,458.0,278.0,97.0,79.0,94.0,67.0,73.0,71.0,57.0,70.0,64.0,355.0,879.0,2805.0,3699.0,1697.0,599.0,353.0,161.0,97.0,72.0,85.0,82.0,81.0,61.0,88.0,89.0,360.0,884.0,941.0,958.0,842.0,376.0,188.0,123.0,108.0,90.0,89.0,78.0,87.0,82.0,80.0,116.0,214.0,253.0,397.0,246.0,339.0,160.0,86.0,132.0,92.0,82.0,86.0,80.0,81.0,88.0,98.0,98.0,132.0,135.0,127.0,104.0,118.0,81.0,113.0,357.0,237.0,146.0,188.0,141.0,196.0,136.0,182.0,127.0,386.0,167.0,186.0,127.0,234.0,115.0,202.0,319,0,-1,-2,-2,-2,-2,-2,-2,-2,-2,-2,-2,-2,-2,-2,-2,-2,-2,150,True,319.5859375,319.0,True,150,True,False,319.0,319.5859375,319.0,150,True,150,True,True
5.118884,1778595900.28933,204,5118884,70.0,81.0,138.0,106.0,153.0,123.0,160.0,109.0,208.0,114.0,345.0,251.0,499.0,274.0,203.0,284.0,111.0,62.0,62.0,64.0,83.0,100.0,115.0,97.0,153.0,512.0,669.0,924.0,841.0,816.0,193.0,129.0,137.0,80.0,73.0,64.0,96.0,95.0,99.0,106.0,319.0,412.0,1939.0,1816.0,2257.0,730.0,451.0,285.0,91.0,61.0,86.0,70.0,71.0,83.0,57.0,82.0,73.0,352.0,881.0,2789.0,3682.0,1701.0,603.0,344.0,164.0,101.0,69.0,93.0,79.0,76.0,67.0,87.0,90.0,359.0,896.0,941.0,946.0,833.0,381.0,197.0,124.0,99.0,86.0,97.0,91.0,85.0,86.0,85.0,121.0,215.0,250.0,405.0,253.0,323.0,157.0,89.0,134.0,112.0,80.0,88.0,85.0,94.0,90.0,103.0,103.0,134.0,123.0,126.0,104.0,117.0,74.0,102.0,350.0,232.0,157.0,184.0,136.0,198.0,135.0,192.0,141.0,377.0,172.0,183.0,113.0,220.0,134.0,200.0,318,0,-1,-2,-2,-2,-2,-2,-2,-2,-2,-2,-2,-2,-2,-2,-2,-2,-2,150,True,318.53125,318.0,True,150,True,False,318.0,318.53125,318.0,150,True,150,True,True
5.143886,1778595900.320794,205,5143886,63.0,71.0,135.0,105.0,148.0,104.0,158.0,113.0,198.0,121.0,331.0,260.0,490.0,272.0,213.0,277.0,119.0,61.0,67.0,65.0,73.0,89.0,94.0,100.0,152.0,501.0,672.0,928.0,848.0,847.0,200.0,132.0,139.0,92.0,79.0,70.0,94.0,93.0,98.0,118.0,317.0,420.0,1934.0,1783.0,2298.0,749.0,477.0,293.0,97.0,80.0,86.0,67.0,79.0,73.0,57.0,71.0,73.0,360.0,879.0,2769.0,3711.0,1734.0,614.0,356.0,159.0,92.0,73.0,82.0,82.0,92.0,69.0,94.0,91.0,351.0,882.0,941.0,942.0,840.0,375.0,193.0,125.0,106.0,87.0,86.0,88.0,79.0,76.0,87.0,121.0,213.0,258.0,403.0,257.0,330.0,161.0,88.0,143.0,108.0,84.0,78.0,84.0,93.0,90.0,105.0,99.0,134.0,132.0,126.0,103.0,117.0,72.0,112.0,358.0,248.0,156.0,193.0,152.0,198.0,128.0,186.0,132.0,381.0,180.0,182.0,113.0,224.0,135.0,192.0,319,0,-1,-2,-2,-2,-2,-2,-2,-2,-2,-2,-2,-2,-2,-2,-2,-2,-2,150,True,319.75,319.0,True,150,True,False,319.0,319.75,319.0,150,True,150,True,True
5.168886,1778595900.336513,206,5168886,75.0,65.0,142.0,103.0,150.0,115.0,161.0,111.0,204.0,127.0,333.0,248.0,512.0,272.0,214.0,291.0,110.0,62.0,60.0,59.0,83.0,94.0,117.0,101.0,150.0,517.0,681.0,945.0,877.0,870.0,202.0,136.0,135.0,82.0,90.0,65.0,102.0,97.0,99.0,107.0,337.0,423.0,1955.0,1822.0,2359.0,786.0,487.0,297.0,98.0,76.0,79.0,65.0,78.0,84.0,63.0,77.0,72.0,359.0,913.0,2873.0,3885.0,1793.0,635.0,372.0,168.0,94.0,77.0,85.0,77.0,85.0,64.0,90.0,88.0,354.0,905.0,967.0,956.0,861.0,385.0,194.0,130.0,105.0,91.0,99.0,73.0,79.0,80.0,87.0,120.0,221.0,256.0,410.0,261.0,337.0,164.0,104.0,145.0,104.0,75.0,85.0,88.0,93.0,96.0,109.0,101.0,140.0,134.0,122.0,106.0,124.0,70.0,113.0,367.0,261.0,167.0,198.0,136.0,203.0,135.0,187.0,124.0,383.0,179.0,184.0,108.0,226.0,133.0,194.0,327,0,-1,-2,-2,-2,-2,-2,-2,-2,-2,-2,-2,-2,-2,-2,-2,-2,-2,150,True,327.4140625,327.0,True,150,True,False,327.0,327.4140625,327.0,150,True,150,True,True
5.193886,1778595900.368178,207,5193886,70.0,72.0,152.0,102.0,153.0,108.0,150.0,105.0,208.0,125.0,342.0,262.0,497.0,265.0,214.0,281.0,126.0,63.0,60.0,60.0,87.0,98.0,105.0,87.0,153.0,526.0,675.0,946.0,879.0,867.0,195.0,131.0,135.0,74.0,88.0,73.0,104.0,96.0,98.0,123.0,335.0,423.0,1966.0,1838.0,2358.0,770.0,500.0,297.0,95.0,85.0,88.0,71.0,79.0,81.0,61.0,71.0,78.0,369.0,931.0,2976.0,3977.0,1817.0,635.0,368.0,168.0,89.0,76.0,79.0,84.0,89.0,72.0,84.0,94.0,368.0,930.0,982.0,977.0,862.0,396.0,200.0,124.0,100.0,90.0,91.0,80.0,85.0,72.0,88.0,133.0,225.0,253.0,427.0,261.0,353.0,161.0,88.0,143.0,112.0,84.0,83.0,77.0,81.0,92.0,105.0,109.0,127.0,134.0,139.0,105.0,117.0,78.0,117.0,357.0,244.0,160.0,184.0,133.0,199.0,134.0,189.0,129.0,380.0,173.0,185.0,113.0,226.0,128.0,200.0,330,0,-1,-2,-2,-2,-2,-2,-2,-2,-2,-2,-2,-2,-2,-2,-2,-2,-2,150,True,330.015625,330.0,True,150,True,False,330.0,330.015625,330.0,150,True,150,True,True
5.218889,1778595900.390863,208,5218889,73.0,72.0,137.0,111.0,160.0,119.0,166.0,101.0,200.0,122.0,329.0,246.0,489.0,268.0,204.0,281.0,113.0,72.0,70.0,63.0,86.0,86.0,99.0,101.0,143.0,507.0,648.0,901.0,860.0,849.0,198.0,130.0,134.0,79.0,74.0,70.0,96.0,88.0,115.0,120.0,320.0,418.0,1878.0,1772.0,2307.0,781.0,502.0,295.0,102.0,83.0,86.0,71.0,69.0,74.0,53.0,72.0,66.0,372.0,902.0,2949.0,4006.0,1849.0,668.0,381.0,160.0,89.0,74.0,83.0,78.0,79.0,71.0,84.0,86.0,358.0,930.0,990.0,994.0,895.0,398.0,203.0,123.0,117.0,86.0,87.0,81.0,88.0,72.0,88.0,126.0,221.0,261.0,431.0,266.0,356.0,169.0,83.0,146.0,109.0,88.0,88.0,86.0,88.0,92.0,104.0,107.0,128.0,144.0,132.0,109.0,114.0,83.0,120.0,359.0,243.0,149.0,184.0,150.0,198.0,126.0,178.0,135.0,384.0,170.0,176.0,120.0,216.0,121.0,203.0,327,0,-1,-2,-2,-2,-2,-2,-2,-2,-2,-2,-2,-2,-2,-2,-2,-2,-2,150,True,327.6015625,327.0,True,150,True,False,327.0,327.6015625,327.0,150,True,150,True,True
5.243889,1778595900.416357,209,5243889,76.0,72.0,151.0,112.0,153.0,118.0,166.0,109.0,198.0,117.0,315.0,232.0,463.0,259.0,206.0,286.0,104.0,59.0,64.0,62.0,97.0,90.0,102.0,92.0,153.0,486.0,608.0,839.0,823.0,856.0,191.0,137.0,136.0,85.0,82.0,61.0,93.0,87.0,95.0,113.0,316.0,396.0,1717.0,1591.0,2242.0,801.0,528.0,306.0,94.0,73.0,84.0,72.0,73.0,75.0,62.0,76.0,69.0,339.0,859.0,2822.0,4057.0,1981.0,700.0,398.0,168.0,94.0,71.0,85.0,80.0,79.0,66.0,89.0,94.0,360.0,908.0,1013.0,1033.0,970.0,426.0,211.0,127.0,101.0,89.0,95.0,73.0,80.0,84.0,92.0,132.0,216.0,262.0,431.0,275.0,372.0,193.0,90.0,143.0,111.0,79.0,85.0,85.0,80.0,91.0,101.0,114.0,133.0,137.0,137.0,116.0,129.0,83.0,109.0,365.0,245.0,151.0,192.0,151.0,185.0,130.0,179.0,136.0,375.0,182.0,202.0,127.0,232.0,127.0,194.0,325,0,-1,-2,-2,-2,-2,-2,-2,-2,-2,-2,-2,-2,-2,-2,-2,-2,-2,150,True,325.34375,325.0,True,150,True,False,325.0,325.34375,325.0,150,True,150,True,True
5.268889,1778595900.432032,210,5268889,68.0,70.0,155.0,108.0,156.0,117.0,159.0,110.0,209.0,119.0,293.0,215.0,439.0,244.0,201.0,280.0,120.0,71.0,75.0,58.0,86.0,94.0,101.0,94.0,143.0,472.0,559.0,796.0,788.0,854.0,200.0,136.0,133.0,80.0,77.0,71.0,93.0,91.0,105.0,108.0,323.0,384.0,1635.0,1525.0,2229.0,819.0,547.0,312.0,103.0,80.0,77.0,67.0,82.0,81.0,56.0,79.0,70.0,344.0,852.0,2849.0,4315.0,2121.0,748.0,428.0,175.0,88.0,67.0,79.0,83.0,90.0,65.0,98.0,87.0,352.0,921.0,1062.0,1105.0,1046.0,464.0,216.0,118.0,117.0,89.0,92.0,81.0,92.0,66.0,83.0,130.0,208.0,280.0,457.0,290.0,408.0,201.0,93.0,140.0,110.0,73.0,88.0,77.0,86.0,90.0,105.0,109.0,133.0,135.0,143.0,108.0,125.0,72.0,118.0,349.0,244.0,146.0,182.0,145.0,200.0,133.0,182.0,141.0,379.0,167.0,187.0,117.0,210.0,137.0,200.0,328,0,-1,-2,-2,-2,-2,-2,-2,-2,-2,-2,-2,-2,-2,-2,-2,-2,-2,150,True,328.96875,328.0,True,150,True,False,328.0,328.96875,328.0,150,True,150,True,True
5.293893,1778595900.463456,211,5293893,72.0,68.0,137.0,104.0,152.0,113.0,152.0,118.0,200.0,118.0,293.0,199.0,429.0,245.0,199.0,286.0,125.0,72.0,58.0,70.0,88.0,96.0,102.0,99.0,145.0,448.0,534.0,758.0,748.0,820.0,194.0,136.0,126.0,86.0,75.0,73.0,99.0,85.0,105.0,114.0,319.0,378.0,1582.0,1468.0,2155.0,807.0,535.0,318.0,98.0,83.0,86.0,74.0,79.0,76.0,56.0,81.0,65.0,341.0,855.0,2964.0,4554.0,2187.0,777.0,419.0,162.0,87.0,76.0,78.0,79.0,75.0,67.0,92.0,86.0,365.0,986.0,1141.0,1193.0,1105.0,487.0,228.0,125.0,112.0,87.0,87.0,76.0,85.0,73.0,87.0,122.0,223.0,290.0,482.0,315.0,410.0,205.0,94.0,139.0,108.0,94.0,90.0,89.0,73.0,94.0,101.0,104.0,135.0,149.0,147.0,120.0,131.0,84.0,112.0,354.0,246.0,154.0,202.0,156.0,186.0,141.0,186.0,136.0,388.0,171.0,185.0,116.0,232.0,132.0,191.0,333,0,-1,-2,-2,-2,-2,-2,-2,-2,-2,-2,-2,-2,-2,-2,-2,-2,-2,150,True,333.0,333.0,True,150,True,False,333.0,333.0,333.0,150,True,150,True,True
5.318886,1778595900.495113,212,5318886,73.0,67.0,138.0,104.0,151.0,117.0,156.0,115.0,198.0,117.0,279.0,192.0,391.0,230.0,204.0,286.0,110.0,74.0,60.0,62.0,85.0,90.0,113.0,104.0,139.0,418.0,498.0,670.0,678.0,772.0,177.0,128.0,128.0,86.0,88.0,66.0,90.0,86.0,98.0,110.0,315.0,364.0,1484.0,1371.0,1959.0,772.0,503.0,310.0,92.0,74.0,86.0,64.0,78.0,71.0,49.0,73.0,69.0,341.0,858.0,3027.0,4632.0,2211.0,775.0,426.0,159.0,89.0,72.0,87.0,86.0,76.0,69.0,89.0,88.0,361.0,1045.0,1225.0,1308.0,1196.0,509.0,225.0,122.0,103.0,78.0,90.0,84.0,84.0,69.0,87.0,135.0,230.0,300.0,526.0,335.0,447.0,206.0,86.0,139.0,120.0,82.0,85.0,87.0,86.0,99.0,106.0,98.0,146.0,152.0,139.0,119.0,135.0,86.0,110.0,368.0,247.0,156.0,190.0,151.0,188.0,130.0,193.0,132.0,384.0,171.0,188.0,118.0,211.0,119.0,202.0,330,0,-1,-2,-2,-2,-2,-2,-2,-2,-2,-2,-2,-2,-2,-2,-2,-2,-2,150,True,330.8984375,330.0,True,150,True,False,330.0,330.8984375,330.0,150,True,150,True,True
5.343892,1778595900.520084,213,5343892,78.0,69.0,152.0,110.0,151.0,118.0,164.0,114.0,204.0,105.0,272.0,182.0,373.0,226.0,200.0,283.0,114.0,69.0,72.0,65.0,88.0,90.0,97.0,93.0,148.0,415.0,468.0,626.0,620.0,708.0,177.0,136.0,127.0,87.0,82.0,70.0,102.0,87.0,104.0,112.0,317.0,361.0,1439.0,1310.0,1816.0,719.0,495.0,297.0,101.0,88.0,87.0,72.0,76.0,76.0,57.0,78.0,64.0,341.0,908.0,3267.0,4868.0,2228.0,763.0,410.0,180.0,91.0,67.0,86.0,93.0,78.0,61.0,89.0,89.0,380.0,1160.0,1392.0,1448.0,1273.0,520.0,232.0,122.0,107.0,95.0,87.0,79.0,84.0,66.0,90.0,136.0,250.0,330.0,586.0,377.0,488.0,232.0,95.0,146.0,108.0,93.0,86.0,87.0,82.0,99.0,115.0,109.0,132.0,160.0,152.0,128.0,142.0,77.0,106.0,357.0,239.0,152.0,192.0,152.0,191.0,135.0,181.0,128.0,380.0,175.0,181.0,104.0,230.0,127.0,198.0,337,0,-1,-2,-2,-2,-2,-2,-2,-2,-2,-2,-2,-2,-2,-2,-2,-2,-2,150,True,337.5234375,337.0,True,150,True,False,337.0,337.5234375,337.0,150,True,150,True,True
5.368895,1778595900.545965,214,5368895,77.0,73.0,140.0,100.0,152.0,128.0,159.0,108.0,198.0,112.0,265.0,166.0,348.0,219.0,200.0,281.0,124.0,69.0,61.0,73.0,85.0,92.0,89.0,105.0,136.0,386.0,433.0,593.0,571.0,659.0,168.0,139.0,143.0,82.0,79.0,65.0,98.0,95.0,103.0,115.0,308.0,357.0,1430.0,1283.0,1674.0,669.0,469.0,296.0,94.0,87.0,90.0,69.0,78.0,81.0,61.0,73.0,77.0,352.0,968.0,3588.0,5068.0,2227.0,748.0,405.0,167.0,92.0,76.0,79.0,86.0,76.0,72.0,97.0,78.0,390.0,1321.0,1551.0,1565.0,1331.0,537.0,227.0,122.0,108.0,87.0,103.0,84.0,89.0,74.0,88.0,141.0,253.0,380.0,641.0,395.0,518.0,248.0,89.0,136.0,106.0,93.0,81.0,86.0,71.0,100.0,113.0,109.0,142.0,181.0,163.0,137.0,144.0,78.0,118.0,357.0,233.0,154.0,198.0,150.0,197.0,132.0,183.0,139.0,384.0,179.0,189.0,119.0,219.0,136.0,192.0,343,0,-1,-2,-2,-2,-2,-2,-2,-2,-2,-2,-2,-2,-2,-2,-2,-2,-2,150,True,343.9453125,343.0,True,150,True,False,343.0,343.9453125,343.0,150,True,150,True,True
5.393896,1778595900.570631,215,5393896,70.0,79.0,142.0,105.0,162.0,118.0,158.0,111.0,190.0,106.0,251.0,150.0,338.0,218.0,196.0,275.0,110.0,70.0,64.0,57.0,92.0,101.0,105.0,100.0,136.0,385.0,404.0,542.0,506.0,623.0,162.0,130.0,130.0,82.0,85.0,67.0,101.0,91.0,95.0,117.0,306.0,339.0,1341.0,1173.0,1486.0,644.0,454.0,279.0,103.0,67.0,84.0,65.0,76.0,72.0,52.0,77.0,70.0,363.0,993.0,3707.0,5095.0,2204.0,750.0,384.0,167.0,95.0,66.0,92.0,80.0,83.0,66.0,98.0,84.0,417.0,1441.0,1700.0,1694.0,1401.0,550.0,229.0,141.0,103.0,79.0,88.0,78.0,86.0,74.0,90.0,139.0,274.0,398.0,714.0,433.0,546.0,254.0,93.0,144.0,102.0,79.0,75.0,85.0,87.0,91.0,112.0,113.0,163.0,176.0,190.0,148.0,138.0,87.0,115.0,352.0,247.0,156.0,184.0,141.0,200.0,132.0,192.0,128.0,395.0,172.0,199.0,126.0,232.0,130.0,188.0,344,0,-1,-2,-2,-2,-2,-2,-2,-2,-2,-2,-2,-2,-2,-2,-2,-2,-2,150,True,344.84375,344.0,True,150,True,False,344.0,344.84375,344.0,150,True,150,True,True
5.418893,1778595900.591287,216,5418893,75.0,70.0,148.0,107.0,151.0,110.0,160.0,101.0,198.0,109.0,234.0,149.0,311.0,199.0,195.0,280.0,107.0,68.0,55.0,67.0,75.0,95.0,102.0,90.0,135.0,357.0,373.0,491.0,457.0,582.0,167.0,134.0,137.0,81.0,74.0,72.0,91.0,92.0,95.0,119.0,289.0,315.0,1211.0,1058.0,1366.0,609.0,457.0,284.0,101.0,85.0,87.0,68.0,72.0,87.0,56.0,80.0,73.0,344.0,944.0,3715.0,5313.0,2351.0,789.0,399.0,169.0,92.0,87.0,88.0,80.0,73.0,64.0,89.0,85.0,404.0,1505.0,1854.0,1925.0,1598.0,592.0,236.0,131.0,117.0,88.0,100.0,70.0,89.0,78.0,91.0,145.0,270.0,425.0,779.0,483.0,620.0,287.0,95.0,139.0,111.0,86.0,79.0,84.0,87.0,96.0,101.0,105.0,145.0,187.0,190.0,143.0,144.0,94.0,107.0,354.0,250.0,164.0,185.0,135.0,190.0,126.0,183.0,135.0,384.0,175.0,198.0,116.0,221.0,131.0,198.0,349,0,-1,-2,-2,-2,-2,-2,-2,-2,-2,-2,-2,-2,-2,-2,-2,-2,-2,150,True,349.359375,349.0,True,150,True,False,349.0,349.359375,349.0,150,True,150,True,True
5.443894,1778595900.622065,217,5443894,78.0,72.0,136.0,121.0,151.0,118.0,155.0,109.0,197.0,105.0,222.0,137.0,306.0,198.0,200.0,273.0,117.0,62.0,74.0,67.0,90.0,92.0,107.0,101.0,129.0,333.0,332.0,424.0,401.0,531.0,154.0,128.0,138.0,80.0,82.0,63.0,99.0,84.0,105.0,117.0,281.0,305.0,1053.0,881.0,1174.0,603.0,457.0,281.0,101.0,79.0,83.0,67.0,81.0,68.0,62.0,82.0,78.0,325.0,874.0,3585.0,5324.0,2449.0,829.0,417.0,169.0,95.0,72.0,83.0,86.0,77.0,71.0,94.0,89.0,408.0,1572.0,2007.0,2154.0,1790.0,663.0,248.0,125.0,114.0,80.0,96.0,75.0,84.0,70.0,87.0,137.0,279.0,472.0,855.0,545.0,692.0,317.0,104.0,151.0,116.0,81.0,81.0,86.0,95.0,96.0,100.0,123.0,160.0,207.0,224.0,169.0,160.0,84.0,118.0,362.0,254.0,141.0,187.0,154.0,189.0,136.0,182.0,135.0,386.0,178.0,209.0,126.0,233.0,140.0,185.0,352,0,-1,-2,-2,-2,-2,-2,-2,-2,-2,-2,-2,-2,-2,-2,-2,-2,-2,150,True,352.2265625,352.0,True,150,True,False,352.0,352.2265625,352.0,150,True,150,True,True
5.468901,1778595900.638631,218,5468901,72.0,77.0,142.0,108.0,146.0,121.0,154.0,98.0,188.0,102.0,207.0,126.0,282.0,185.0,197.0,270.0,114.0,66.0,68.0,63.0,81.0,92.0,95.0,92.0,132.0,309.0,283.0,367.0,367.0,493.0,157.0,136.0,129.0,81.0,82.0,70.0,100.0,91.0,102.0,112.0,265.0,271.0,874.0,681.0,986.0,573.0,440.0,288.0,106.0,88.0,89.0,74.0,84.0,74.0,57.0,79.0,70.0,298.0,713.0,2985.0,4741.0,2393.0,829.0,425.0,164.0,95.0,65.0,87.0,89.0,88.0,72.0,102.0,86.0,390.0,1477.0,1962.0,2182.0,1868.0,692.0,263.0,125.0,104.0,85.0,90.0,77.0,88.0,72.0,89.0,154.0,273.0,453.0,872.0,577.0,752.0,335.0,90.0,148.0,102.0,87.0,90.0,86.0,87.0,99.0,97.0,120.0,160.0,202.0,222.0,167.0,166.0,97.0,121.0,349.0,251.0,157.0,185.0,153.0,195.0,135.0,190.0,135.0,387.0,172.0,207.0,125.0,252.0,136.0,198.0,334,0,-1,-2,-2,-2,-2,-2,-2,-2,-2,-2,-2,-2,-2,-2,-2,-2,-2,150,True,334.65625,334.0,True,150,True,False,334.0,334.65625,334.0,150,True,150,True,True
5.493901,1778595900.67145,219,5493901,70.0,71.0,134.0,115.0,153.0,117.0,153.0,106.0,191.0,106.0,213.0,113.0,258.0,178.0,198.0,275.0,114.0,79.0,56.0,65.0,83.0,87.0,101.0,103.0,122.0,278.0,263.0,322.0,322.0,460.0,154.0,136.0,136.0,88.0,82.0,64.0,108.0,89.0,93.0,112.0,250.0,250.0,750.0,580.0,904.0,565.0,479.0,281.0,103.0,77.0,70.0,63.0,76.0,80.0,52.0,73.0,72.0,270.0,628.0,2661.0,4654.0,2557.0,895.0,438.0,168.0,95.0,80.0,84.0,89.0,75.0,71.0,88.0,78.0,384.0,1417.0,1996.0,2388.0,2123.0,779.0,274.0,121.0,105.0,82.0,89.0,88.0,88.0,77.0,92.0,142.0,269.0,474.0,926.0,637.0,829.0,385.0,104.0,149.0,111.0,86.0,89.0,88.0,85.0,104.0,110.0,120.0,164.0,224.0,240.0,188.0,170.0,91.0,120.0,360.0,248.0,149.0,186.0,149.0,203.0,135.0,190.0,147.0,387.0,176.0,198.0,124.0,250.0,135.0,192.0,334,0,-1,-2,-2,-2,-2,-2,-2,-2,-2,-2,-2,-2,-2,-2,-2,-2,-2,150,True,334.8515625,334.0,True,150,True,False,334.0,334.8515625,334.0,150,True,150,True,True
5.518903,1778595900.688505,220,5518903,73.0,73.0,144.0,108.0,151.0,118.0,153.0,111.0,188.0,105.0,195.0,105.0,261.0,173.0,203.0,274.0,119.0,74.0,73.0,61.0,88.0,99.0,102.0,91.0,121.0,270.0,258.0,296.0,301.0,465.0,138.0,131.0,128.0,86.0,83.0,73.0,89.0,95.0,101.0,106.0,232.0,223.0,677.0,516.0,853.0,570.0,462.0,295.0,96.0,71.0,89.0,65.0,70.0,74.0,58.0,75.0,65.0,248.0,557.0,2364.0,4476.0,2645.0,936.0,463.0,167.0,98.0,71.0,85.0,82.0,73.0,63.0,88.0,82.0,356.0,1325.0,1960.0,2440.0,2232.0,835.0,288.0,126.0,114.0,88.0,85.0,76.0,89.0,70.0,85.0,145.0,268.0,464.0,938.0,653.0,888.0,426.0,99.0,144.0,106.0,99.0,86.0,86.0,79.0,98.0,109.0,112.0,160.0,225.0,251.0,190.0,178.0,92.0,120.0,350.0,252.0,153.0,184.0,159.0,198.0,131.0,183.0,128.0,383.0,179.0,197.0,124.0,232.0,136.0,209.0,330,0,-1,-2,-2,-2,-2,-2,-2,-2,-2,-2,-2,-2,-2,-2,-2,-2,-2,150,True,330.1171875,330.0,True,150,True,False,330.0,330.1171875,330.0,150,True,150,True,True
5.5439,1778595900.717788,221,5543900,72.0,70.0,141.0,111.0,158.0,114.0,164.0,99.0,185.0,92.0,186.0,102.0,254.0,172.0,195.0,271.0,112.0,79.0,58.0,70.0,81.0,90.0,102.0,95.0,122.0,254.0,225.0,275.0,299.0,428.0,138.0,132.0,133.0,75.0,74.0,67.0,99.0,90.0,91.0,110.0,217.0,206.0,599.0,462.0,790.0,556.0,462.0,298.0,98.0,78.0,80.0,72.0,79.0,81.0,59.0,76.0,69.0,232.0,485.0,2073.0,4223.0,2657.0,951.0,484.0,172.0,88.0,71.0,89.0,86.0,81.0,69.0,98.0,94.0,345.0,1268.0,1956.0,2506.0,2341.0,876.0,310.0,125.0,110.0,89.0,86.0,68.0,83.0,77.0,81.0,145.0,264.0,484.0,953.0,688.0,938.0,448.0,106.0,144.0,102.0,82.0,86.0,79.0,79.0,91.0,109.0,118.0,155.0,231.0,272.0,217.0,198.0,88.0,112.0,355.0,246.0,161.0,200.0,137.0,189.0,136.0,183.0,137.0,391.0,171.0,197.0,129.0,252.0,126.0,211.0,325,0,-1,-2,-2,-2,-2,-2,-2,-2,-2,-2,-2,-2,-2,-2,-2,-2,-2,150,True,325.3984375,325.0,True,150,True,False,325.0,325.3984375,325.0,150,True,150,True,True
5.568903,1778595900.749431,222,5568903,74.0,73.0,143.0,105.0,156.0,114.0,167.0,117.0,183.0,98.0,186.0,102.0,236.0,166.0,186.0,278.0,114.0,65.0,59.0,71.0,89.0,97.0,105.0,87.0,118.0,237.0,214.0,256.0,260.0,398.0,141.0,134.0,138.0,73.0,87.0,74.0,101.0,90.0,96.0,105.0,220.0,201.0,538.0,380.0,665.0,514.0,450.0,284.0,89.0,74.0,89.0,74.0,76.0,77.0,61.0,72.0,65.0,217.0,438.0,1677.0,3537.0,2461.0,903.0,464.0,170.0,85.0,73.0,87.0,85.0,85.0,71.0,97.0,78.0,335.0,1210.0,1910.0,2486.0,2331.0,876.0,321.0,123.0,103.0,88.0,103.0,73.0,87.0,77.0,88.0,141.0,268.0,484.0,1002.0,713.0,997.0,481.0,104.0,154.0,111.0,77.0,84.0,92.0,80.0,92.0,120.0,117.0,170.0,253.0,284.0,228.0,211.0,95.0,121.0,359.0,248.0,169.0,184.0,135.0,188.0,148.0,195.0,131.0,390.0,183.0,208.0,143.0,245.0,128.0,208.0,312,0,-1,-2,-2,-2,-2,-2,-2,-2,-2,-2,-2,-2,-2,-2,-2,-2,-2,150,True,312.515625,312.0,True,150,True,False,312.0,312.515625,312.0,150,True,150,True,True
5.593903,1778595900.768857,223,5593903,65.0,73.0,139.0,116.0,150.0,118.0,154.0,112.0,194.0,102.0,182.0,88.0,232.0,149.0,186.0,279.0,124.0,71.0,66.0,73.0,80.0,95.0,101.0,89.0,113.0,221.0,199.0,221.0,235.0,360.0,134.0,130.0,135.0,87.0,79.0,70.0,108.0,82.0,87.0,110.0,201.0,179.0,475.0,326.0,565.0,463.0,420.0,280.0,106.0,73.0,93.0,66.0,66.0,74.0,61.0,77.0,68.0,204.0,384.0,1305.0,2884.0,2269.0,870.0,440.0,168.0,84.0,73.0,86.0,93.0,86.0,62.0,94.0,80.0,328.0,1151.0,1842.0,2430.0,2332.0,881.0,308.0,128.0,111.0,84.0,100.0,87.0,94.0,73.0,82.0,144.0,267.0,478.0,992.0,753.0,1042.0,528.0,105.0,141.0,105.0,83.0,86.0,91.0,78.0,88.0,116.0,125.0,169.0,254.0,294.0,233.0,213.0,107.0,118.0,360.0,247.0,147.0,180.0,152.0,184.0,142.0,183.0,130.0,398.0,184.0,218.0,146.0,239.0,127.0,196.0,297,0,-1,-2,-2,-2,-2,-2,-2,-2,-2,-2,-2,-2,-2,-2,-2,-2,-2,150,True,297.328125,297.0,True,150,True,False,297.0,297.328125,297.0,150,True,150,True,True
5.618905,1778595900.782298,224,5618905,73.0,73.0,145.0,113.0,154.0,125.0,167.0,107.0,192.0,97.0,170.0,95.0,206.0,146.0,194.0,268.0,118.0,69.0,73.0,56.0,90.0,103.0,106.0,91.0,115.0,201.0,184.0,202.0,214.0,343.0,137.0,135.0,133.0,86.0,77.0,64.0,97.0,86.0,96.0,113.0,207.0,167.0,377.0,232.0,442.0,428.0,422.0,287.0,90.0,84.0,79.0,65.0,72.0,81.0,63.0,72.0,66.0,183.0,268.0,708.0,1863.0,2026.0,880.0,452.0,168.0,84.0,75.0,80.0,95.0,87.0,66.0,94.0,86.0,288.0,809.0,1367.0,2110.0,2352.0,944.0,325.0,128.0,108.0,87.0,95.0,72.0,83.0,69.0,84.0,128.0,257.0,418.0,865.0,701.0,1091.0,578.0,103.0,138.0,107.0,94.0,86.0,80.0,83.0,91.0,119.0,126.0,168.0,242.0,287.0,225.0,227.0,111.0,114.0,360.0,248.0,154.0,185.0,152.0,194.0,129.0,185.0,137.0,391.0,187.0,208.0,129.0,244.0,136.0,194.0,268,0,-1,-2,-2,-2,-2,-2,-2,-2,-2,-2,-2,-2,-2,-2,-2,-2,-2,150,True,268.40625,268.0,True,150,True,False,268.0,268.40625,268.0,150,True,150,True,True
5.643905,1778595900.814471,225,5643905,62.0,72.0,135.0,107.0,152.0,108.0,162.0,109.0,183.0,95.0,167.0,97.0,207.0,150.0,189.0,277.0,128.0,74.0,62.0,63.0,96.0,100.0,102.0,95.0,98.0,194.0,161.0,169.0,165.0,272.0,128.0,135.0,132.0,86.0,85.0,67.0,91.0,87.0,102.0,102.0,183.0,142.0,282.0,144.0,259.0,298.0,368.0,258.0,88.0,73.0,88.0,70.0,86.0,83.0,49.0,72.0,62.0,149.0,175.0,271.0,653.0,1124.0,702.0,388.0,163.0,93.0,79.0,82.0,88.0,90.0,69.0,94.0,82.0,232.0,434.0,649.0,1126.0,1586.0,782.0,303.0,125.0,109.0,81.0,84.0,77.0,91.0,72.0,88.0,119.0,214.0,281.0,568.0,474.0,856.0,504.0,105.0,139.0,107.0,83.0,87.0,74.0,81.0,100.0,115.0,107.0,153.0,214.0,231.0,191.0,208.0,95.0,120.0,355.0,246.0,158.0,185.0,150.0,195.0,130.0,185.0,124.0,381.0,189.0,207.0,123.0,239.0,138.0,193.0,204,0,-1,-2,-2,-2,-2,-2,-2,-2,-2,-2,-2,-2,-2,-2,-2,-2,-2,150,True,204.96875,204.0,True,150,True,False,204.0,204.96875,204.0,150,True,150,True,True
5.668906,1778595900.835205,226,5668906,72.0,75.0,146.0,109.0,169.0,120.0,162.0,106.0,190.0,96.0,172.0,90.0,187.0,150.0,190.0,264.0,120.0,69.0,63.0,64.0,81.0,96.0,103.0,88.0,109.0,182.0,140.0,149.0,139.0,213.0,104.0,136.0,137.0,69.0,87.0,69.0,89.0,86.0,93.0,94.0,168.0,122.0,224.0,115.0,177.0,211.0,240.0,198.0,93.0,73.0,85.0,69.0,78.0,78.0,62.0,69.0,55.0,120.0,133.0,170.0,306.0,555.0,411.0,243.0,161.0,89.0,73.0,79.0,86.0,88.0,75.0,86.0,85.0,188.0,293.0,407.0,652.0,899.0,535.0,237.0,122.0,104.0,100.0,85.0,80.0,81.0,74.0,80.0,103.0,173.0,209.0,410.0,336.0,568.0,352.0,103.0,147.0,108.0,87.0,74.0,85.0,74.0,96.0,106.0,104.0,151.0,170.0,184.0,152.0,178.0,101.0,111.0,351.0,250.0,156.0,193.0,153.0,202.0,138.0,178.0,139.0,392.0,176.0,201.0,126.0,241.0,141.0,192.0,164,0,-1,-2,-2,-2,-2,-2,-2,-2,-2,-2,-2,-2,-2,-2,-2,-2,-2,150,True,164.8671875,164.0,True,150,True,False,164.0,164.8671875,164.0,150,True,150,True,True
5.693909,1778595900.863466,227,5693909,74.0,72.0,140.0,105.0,164.0,118.0,167.0,103.0,194.0,95.0,162.0,80.0,197.0,140.0,187.0,262.0,114.0,69.0,65.0,69.0,88.0,92.0,112.0,85.0,93.0,160.0,130.0,134.0,121.0,179.0,101.0,141.0,139.0,81.0,87.0,74.0,101.0,84.0,99.0,94.0,145.0,121.0,199.0,108.0,144.0,167.0,191.0,159.0,87.0,86.0,90.0,69.0,77.0,79.0,66.0,69.0,55.0,119.0,124.0,161.0,244.0,411.0,310.0,173.0,165.0,96.0,70.0,85.0,89.0,79.0,72.0,92.0,78.0,169.0,283.0,400.0,586.0,689.0,428.0,198.0,128.0,104.0,90.0,84.0,74.0,85.0,80.0,84.0,104.0,166.0,201.0,400.0,313.0,474.0,308.0,90.0,142.0,104.0,86.0,82.0,76.0,86.0,93.0,104.0,110.0,137.0,176.0,192.0,160.0,159.0,91.0,114.0,359.0,241.0,169.0,198.0,152.0,200.0,139.0,195.0,132.0,391.0,185.0,208.0,130.0,243.0,142.0,197.0,154,0,-1,-2,-2,-2,-2,-2,-2,-2,-2,-2,-2,-2,-2,-2,-2,-2,-2,150,True,154.5546875,154.0,True,150,True,False,154.0,154.5546875,154.0,150,True,150,True,True
5.718908,1778595900.882654,228,5718908,62.0,77.0,142.0,107.0,150.0,114.0,149.0,106.0,185.0,97.0,163.0,76.0,198.0,138.0,191.0,262.0,124.0,76.0,62.0,64.0,83.0,92.0,99.0,84.0,90.0,150.0,134.0,126.0,116.0,162.0,98.0,134.0,133.0,79.0,87.0,70.0,94.0,90.0,95.0,102.0,144.0,118.0,196.0,114.0,150.0,159.0,175.0,150.0,93.0,76.0,85.0,72.0,75.0,80.0,56.0,73.0,61.0,124.0,134.0,187.0,278.0,441.0,287.0,177.0,166.0,87.0,77.0,80.0,86.0,87.0,69.0,88.0,76.0,186.0,324.0,495.0,689.0,756.0,425.0,191.0,126.0,110.0,92.0,94.0,79.0,81.0,72.0,81.0,95.0,165.0,225.0,482.0,358.0,530.0,307.0,92.0,145.0,113.0,87.0,85.0,81.0,83.0,102.0,90.0,103.0,129.0,175.0,216.0,155.0,159.0,97.0,110.0,352.0,241.0,168.0,191.0,142.0,196.0,129.0,183.0,132.0,384.0,172.0,212.0,116.0,244.0,136.0,181.0,157,0,-1,-2,-2,-2,-2,-2,-2,-2,-2,-2,-2,-2,-2,-2,-2,-2,-2,150,True,157.390625,157.0,True,150,True,False,157.0,157.390625,157.0,150,True,150,True,True
5.743909,1778595900.908208,229,5743909,69.0,68.0,143.0,102.0,155.0,120.0,163.0,103.0,179.0,93.0,152.0,84.0,188.0,142.0,199.0,262.0,124.0,74.0,63.0,68.0,89.0,85.0,91.0,84.0,100.0,151.0,106.0,117.0,127.0,174.0,92.0,134.0,128.0,81.0,79.0,70.0,94.0,79.0,94.0,97.0,144.0,127.0,210.0,119.0,171.0,171.0,171.0,142.0,98.0,73.0,81.0,73.0,78.0,79.0,64.0,69.0,58.0,126.0,153.0,239.0,364.0,477.0,287.0,159.0,164.0,96.0,61.0,79.0,84.0,83.0,70.0,87.0,75.0,193.0,434.0,705.0,917.0,810.0,408.0,187.0,122.0,106.0,88.0,91.0,86.0,77.0,65.0,77.0,90.0,185.0,275.0,642.0,456.0,601.0,321.0,88.0,146.0,106.0,89.0,88.0,89.0,82.0,94.0,104.0,94.0,145.0,198.0,258.0,184.0,183.0,96.0,109.0,350.0,253.0,167.0,182.0,140.0,179.0,129.0,190.0,132.0,392.0,179.0,206.0,130.0,248.0,137.0,184.0,167,0,-1,-2,-2,-2,-2,-2,-2,-2,-2,-2,-2,-2,-2,-2,-2,-2,-2,150,True,167.515625,167.0,True,150,True,False,167.0,167.515625,167.0,150,True,150,True,True
5.768908,1778595900.939188,230,5768908,77.0,71.0,137.0,109.0,159.0,105.0,157.0,111.0,180.0,90.0,145.0,79.0,188.0,142.0,182.0,255.0,120.0,68.0,67.0,63.0,86.0,94.0,105.0,84.0,99.0,145.0,121.0,129.0,129.0,176.0,87.0,134.0,135.0,89.0,84.0,64.0,94.0,94.0,93.0,102.0,150.0,125.0,251.0,153.0,217.0,196.0,175.0,152.0,100.0,73.0,84.0,74.0,77.0,81.0,60.0,72.0,49.0,135.0,211.0,393.0,599.0,591.0,307.0,162.0,167.0,95.0,70.0,90.0,84.0,87.0,64.0,85.0,88.0,226.0,735.0,1274.0,1440.0,990.0,426.0,182.0,133.0,103.0,75.0,94.0,87.0,87.0,68.0,68.0,94.0,206.0,410.0,1022.0,683.0,740.0,343.0,91.0,153.0,111.0,92.0,82.0,89.0,88.0,98.0,106.0,94.0,160.0,276.0,357.0,235.0,185.0,100.0,125.0,364.0,248.0,160.0,188.0,151.0,182.0,128.0,182.0,139.0,398.0,195.0,224.0,137.0,249.0,127.0,191.0,196,0,-1,-2,-2,-2,-2,-2,-2,-2,-2,-2,-2,-2,-2,-2,-2,-2,-2,150,True,196.5390625,196.0,True,150,True,False,196.0,196.5390625,196.0,150,True,150,True,True
5.793912,1778595900.964007,231,5793912,71.0,81.0,135.0,113.0,149.0,114.0,152.0,111.0,185.0,102.0,149.0,78.0,177.0,145.0,192.0,248.0,119.0,64.0,65.0,54.0,92.0,93.0,109.0,88.0,90.0,153.0,129.0,149.0,146.0,198.0,95.0,141.0,133.0,78.0,83.0,65.0,91.0,91.0,93.0,93.0,159.0,141.0,321.0,198.0,292.0,230.0,190.0,143.0,97.0,72.0,87.0,66.0,74.0,76.0,59.0,68.0,55.0,185.0,324.0,706.0,1015.0,765.0,345.0,172.0,167.0,88.0,80.0,79.0,77.0,81.0,69.0,96.0,79.0,316.0,1421.0,2315.0,2256.0,1181.0,469.0,197.0,127.0,102.0,95.0,83.0,87.0,83.0,64.0,81.0,115.0,271.0,674.0,1584.0,955.0,869.0,382.0,101.0,143.0,105.0,82.0,82.0,71.0,89.0,94.0,107.0,111.0,181.0,383.0,479.0,297.0,208.0,90.0,120.0,359.0,244.0,162.0,187.0,152.0,193.0,135.0,177.0,138.0,397.0,206.0,246.0,135.0,246.0,143.0,184.0,243,0,-1,-2,-2,-2,-2,-2,-2,-2,-2,-2,-2,-2,-2,-2,-2,-2,-2,150,True,243.3125,243.0,True,150,True,False,243.0,243.3125,243.0,150,True,150,True,True
5.818912,1778595900.987074,232,5818912,64.0,72.0,151.0,104.0,161.0,112.0,157.0,102.0,185.0,94.0,145.0,80.0,184.0,144.0,184.0,246.0,126.0,66.0,58.0,62.0,95.0,90.0,101.0,81.0,92.0,159.0,140.0,169.0,161.0,226.0,87.0,132.0,131.0,75.0,89.0,56.0,99.0,96.0,103.0,96.0,169.0,162.0,420.0,258.0,359.0,249.0,220.0,164.0,97.0,75.0,88.0,68.0,80.0,82.0,59.0,76.0,60.0,237.0,464.0,1079.0,1285.0,798.0,376.0,198.0,168.0,87.0,63.0,79.0,85.0,77.0,59.0,81.0,88.0,406.0,2183.0,2982.0,2529.0,1134.0,448.0,207.0,123.0,103.0,88.0,86.0,86.0,83.0,70.0,88.0,132.0,330.0,910.0,1869.0,1018.0,849.0,366.0,99.0,140.0,106.0,89.0,86.0,86.0,81.0,85.0,110.0,115.0,211.0,467.0,575.0,329.0,221.0,94.0,121.0,360.0,242.0,162.0,198.0,150.0,180.0,142.0,187.0,139.0,397.0,221.0,271.0,150.0,249.0,135.0,201.0,274,0,-1,-2,-2,-2,-2,-2,-2,-2,-2,-2,-2,-2,-2,-2,-2,-2,-2,150,True,274.796875,274.0,True,150,True,False,274.0,274.796875,274.0,150,True,150,True,True
5.843915,1778595901.009402,233,5843915,69.0,78.0,152.0,111.0,160.0,122.0,165.0,113.0,187.0,96.0,155.0,76.0,199.0,143.0,190.0,256.0,123.0,64.0,69.0,64.0,93.0,91.0,101.0,87.0,101.0,164.0,154.0,165.0,171.0,228.0,94.0,138.0,138.0,78.0,87.0,72.0,100.0,72.0,103.0,109.0,183.0,165.0,464.0,280.0,362.0,249.0,225.0,173.0,101.0,75.0,85.0,79.0,72.0,75.0,53.0,74.0,63.0,254.0,549.0,1203.0,1262.0,755.0,377.0,215.0,164.0,92.0,72.0,88.0,80.0,83.0,66.0,90.0,87.0,433.0,2492.0,2998.0,2347.0,1028.0,431.0,213.0,126.0,108.0,93.0,87.0,72.0,88.0,65.0,91.0,159.0,349.0,956.0,1795.0,927.0,786.0,363.0,95.0,149.0,110.0,90.0,89.0,87.0,88.0,88.0,92.0,122.0,229.0,493.0,576.0,319.0,227.0,105.0,111.0,349.0,250.0,161.0,184.0,146.0,186.0,133.0,186.0,137.0,395.0,214.0,282.0,148.0,266.0,142.0,192.0,278,0,-1,-2,-2,-2,-2,-2,-2,-2,-2,-2,-2,-2,-2,-2,-2,-2,-2,150,True,278.1328125,278.0,True,150,True,False,278.0,278.1328125,278.0,150,True,150,True,True
5.868916,1778595901.034457,234,5868916,72.0,72.0,145.0,111.0,149.0,115.0,149.0,116.0,176.0,92.0,152.0,84.0,193.0,149.0,204.0,260.0,109.0,70.0,63.0,65.0,86.0,86.0,105.0,92.0,103.0,165.0,149.0,178.0,181.0,237.0,102.0,143.0,136.0,76.0,75.0,64.0,99.0,93.0,86.0,100.0,180.0,178.0,473.0,282.0,347.0,261.0,224.0,183.0,101.0,79.0,83.0,72.0,71.0,74.0,51.0,74.0,68.0,280.0,559.0,1224.0,1221.0,749.0,372.0,232.0,172.0,91.0,69.0,97.0,86.0,78.0,70.0,98.0,86.0,467.0,2588.0,3032.0,2310.0,1026.0,439.0,209.0,130.0,112.0,90.0,97.0,80.0,86.0,73.0,101.0,164.0,375.0,982.0,1788.0,916.0,813.0,367.0,98.0,141.0,113.0,86.0,87.0,83.0,73.0,103.0,111.0,121.0,246.0,526.0,596.0,337.0,216.0,100.0,112.0,357.0,248.0,148.0,197.0,132.0,189.0,139.0,177.0,137.0,389.0,225.0,279.0,129.0,265.0,147.0,193.0,280,0,-1,-2,-2,-2,-2,-2,-2,-2,-2,-2,-2,-2,-2,-2,-2,-2,-2,150,True,280.71875,280.0,True,150,True,False,280.0,280.71875,280.0,150,True,150,True,True
5.893916,1778595901.066072,235,5893916,75.0,74.0,145.0,116.0,158.0,114.0,152.0,103.0,194.0,100.0,143.0,82.0,195.0,129.0,195.0,253.0,130.0,71.0,60.0,63.0,90.0,94.0,95.0,86.0,102.0,174.0,152.0,176.0,167.0,239.0,102.0,129.0,133.0,83.0,92.0,64.0,91.0,90.0,97.0,103.0,202.0,185.0,475.0,268.0,338.0,249.0,225.0,183.0,99.0,69.0,79.0,66.0,72.0,76.0,56.0,68.0,66.0,265.0,539.0,1125.0,1146.0,734.0,381.0,227.0,161.0,87.0,72.0,89.0,84.0,81.0,68.0,81.0,87.0,461.0,2488.0,2930.0,2234.0,1039.0,435.0,219.0,136.0,105.0,94.0,99.0,76.0,78.0,72.0,95.0,169.0,367.0,954.0,1767.0,904.0,819.0,386.0,106.0,132.0,113.0,78.0,87.0,76.0,81.0,91.0,113.0,131.0,247.0,532.0,600.0,343.0,223.0,96.0,112.0,354.0,240.0,156.0,192.0,151.0,186.0,133.0,183.0,132.0,400.0,223.0,294.0,136.0,263.0,140.0,197.0,276,0,-1,-2,-2,-2,-2,-2,-2,-2,-2,-2,-2,-2,-2,-2,-2,-2,-2,150,True,276.421875,276.0,True,150,True,False,276.0,276.421875,276.0,150,True,150,True,True
5.918916,1778595901.085613,236,5918916,73.0,71.0,142.0,103.0,151.0,114.0,151.0,104.0,183.0,97.0,151.0,76.0,183.0,142.0,192.0,264.0,118.0,67.0,59.0,69.0,90.0,90.0,97.0,82.0,101.0,165.0,164.0,172.0,171.0,227.0,102.0,136.0,133.0,75.0,76.0,71.0,105.0,95.0,100.0,104.0,197.0,168.0,448.0,257.0,354.0,246.0,229.0,177.0,98.0,76.0,80.0,70.0,79.0,80.0,62.0,67.0,72.0,265.0,506.0,1040.0,1105.0,729.0,378.0,228.0,160.0,87.0,78.0,92.0,82.0,82.0,70.0,94.0,85.0,451.0,2380.0,2849.0,2195.0,1056.0,440.0,209.0,132.0,104.0,89.0,87.0,86.0,84.0,74.0,96.0,160.0,371.0,910.0,1723.0,912.0,832.0,385.0,107.0,143.0,101.0,82.0,84.0,85.0,75.0,101.0,115.0,130.0,233.0,525.0,587.0,350.0,215.0,106.0,119.0,366.0,254.0,158.0,184.0,141.0,195.0,133.0,177.0,143.0,401.0,232.0,278.0,142.0,263.0,145.0,204.0,272,0,-1,-2,-2,-2,-2,-2,-2,-2,-2,-2,-2,-2,-2,-2,-2,-2,-2,150,True,272.703125,272.0,True,150,True,False,272.0,272.703125,272.0,150,True,150,True,True
5.943916,1778595901.115433,237,5943916,71.0,86.0,152.0,105.0,159.0,126.0,162.0,109.0,182.0,90.0,152.0,81.0,185.0,142.0,178.0,261.0,111.0,65.0,64.0,57.0,87.0,94.0,108.0,87.0,100.0,164.0,142.0,173.0,177.0,230.0,89.0,139.0,134.0,87.0,87.0,68.0,93.0,87.0,90.0,108.0,196.0,186.0,460.0,258.0,351.0,251.0,219.0,182.0,102.0,81.0,83.0,74.0,75.0,78.0,57.0,80.0,64.0,271.0,525.0,1067.0,1128.0,741.0,371.0,221.0,164.0,92.0,72.0,85.0,95.0,79.0,68.0,97.0,83.0,456.0,2402.0,2903.0,2242.0,1072.0,447.0,216.0,128.0,106.0,85.0,96.0,79.0,88.0,86.0,85.0,171.0,361.0,926.0,1735.0,911.0,841.0,397.0,100.0,137.0,110.0,85.0,88.0,89.0,88.0,95.0,104.0,127.0,238.0,523.0,598.0,353.0,235.0,112.0,120.0,350.0,230.0,154.0,190.0,157.0,195.0,135.0,181.0,135.0,414.0,239.0,292.0,141.0,268.0,138.0,199.0,275,0,-1,-2,-2,-2,-2,-2,-2,-2,-2,-2,-2,-2,-2,-2,-2,-2,-2,150,True,275.7109375,275.0,True,150,True,False,275.0,275.7109375,275.0,150,True,150,True,True
5.968917,1778595901.142246,238,5968917,72.0,72.0,150.0,115.0,150.0,125.0,171.0,105.0,179.0,93.0,156.0,72.0,184.0,134.0,185.0,260.0,113.0,68.0,58.0,62.0,88.0,99.0,103.0,89.0,105.0,171.0,158.0,178.0,169.0,234.0,97.0,137.0,135.0,82.0,85.0,71.0,95.0,78.0,99.0,108.0,206.0,182.0,469.0,269.0,351.0,247.0,224.0,177.0,101.0,74.0,78.0,63.0,69.0,70.0,63.0,75.0,70.0,266.0,552.0,1152.0,1169.0,741.0,361.0,225.0,171.0,86.0,71.0,85.0,91.0,72.0,66.0,95.0,89.0,468.0,2625.0,3065.0,2309.0,1053.0,434.0,219.0,119.0,102.0,90.0,88.0,69.0,91.0,72.0,83.0,182.0,382.0,981.0,1792.0,926.0,822.0,386.0,101.0,143.0,118.0,86.0,80.0,87.0,84.0,96.0,112.0,132.0,258.0,545.0,611.0,356.0,237.0,111.0,123.0,355.0,252.0,157.0,190.0,143.0,196.0,138.0,184.0,133.0,425.0,235.0,292.0,153.0,275.0,150.0,191.0,281,0,-1,-2,-2,-2,-2,-2,-2,-2,-2,-2,-2,-2,-2,-2,-2,-2,-2,150,True,281.96875,281.0,True,150,True,False,281.0,281.96875,281.0,150,True,150,True,True
5.993919,1778595901.164738,239,5993919,76.0,69.0,145.0,104.0,153.0,119.0,159.0,109.0,192.0,100.0,158.0,78.0,188.0,134.0,192.0,261.0,115.0,83.0,64.0,68.0,82.0,85.0,104.0,86.0,96.0,178.0,152.0,187.0,185.0,234.0,96.0,130.0,136.0,88.0,88.0,68.0,90.0,85.0,102.0,103.0,210.0,190.0,513.0,291.0,367.0,242.0,223.0,167.0,97.0,75.0,82.0,69.0,70.0,82.0,61.0,75.0,75.0,296.0,623.0,1342.0,1236.0,738.0,364.0,232.0,167.0,98.0,77.0,90.0,86.0,81.0,71.0,101.0,91.0,509.0,3089.0,3362.0,2397.0,1027.0,419.0,207.0,126.0,105.0,89.0,88.0,80.0,82.0,62.0,94.0,183.0,401.0,1083.0,1910.0,938.0,802.0,388.0,101.0,139.0,112.0,88.0,83.0,88.0,87.0,99.0,103.0,136.0,248.0,581.0,649.0,358.0,245.0,112.0,114.0,359.0,248.0,169.0,186.0,149.0,190.0,136.0,190.0,144.0,408.0,242.0,314.0,164.0,267.0,152.0,199.0,295,0,-1,-2,-2,-2,-2,-2,-2,-2,-2,-2,-2,-2,-2,-2,-2,-2,-2,150,True,295.5078125,295.0,True,150,True,False,295.0,295.5078125,295.0,150,True,150,True,True
6.01892,1778595901.193707,240,6018920,71.0,69.0,144.0,103.0,152.0,114.0,169.0,108.0,186.0,100.0,152.0,79.0,182.0,139.0,189.0,256.0,110.0,63.0,62.0,61.0,89.0,94.0,106.0,93.0,108.0,177.0,150.0,187.0,183.0,245.0,95.0,130.0,129.0,76.0,80.0,66.0,93.0,95.0,91.0,109.0,204.0,195.0,552.0,306.0,377.0,267.0,228.0,175.0,97.0,87.0,89.0,70.0,73.0,74.0,62.0,89.0,73.0,325.0,710.0,1560.0,1301.0,725.0,370.0,240.0,172.0,88.0,71.0,81.0,77.0,78.0,68.0,102.0,77.0,546.0,3619.0,3693.0,2499.0,998.0,426.0,217.0,125.0,107.0,87.0,86.0,78.0,86.0,73.0,90.0,200.0,421.0,1218.0,2038.0,956.0,800.0,380.0,104.0,152.0,118.0,89.0,81.0,79.0,89.0,95.0,103.0,144.0,272.0,620.0,674.0,377.0,249.0,102.0,122.0,347.0,246.0,156.0,187.0,142.0,200.0,135.0,175.0,137.0,408.0,255.0,319.0,148.0,274.0,147.0,197.0,309,0,-1,-2,-2,-2,-2,-2,-2,-2,-2,-2,-2,-2,-2,-2,-2,-2,-2,150,True,309.796875,309.0,True,150,True,False,309.0,309.796875,309.0,150,True,150,True,True
6.043921,1778595901.219268,241,6043921,73.0,73.0,153.0,103.0,153.0,120.0,159.0,112.0,178.0,97.0,148.0,80.0,186.0,140.0,186.0,270.0,125.0,66.0,63.0,65.0,98.0,89.0,101.0,83.0,92.0,182.0,154.0,191.0,182.0,245.0,94.0,134.0,136.0,73.0,84.0,75.0,89.0,74.0,93.0,116.0,219.0,199.0,564.0,310.0,378.0,259.0,226.0,181.0,97.0,76.0,86.0,73.0,73.0,80.0,69.0,80.0,70.0,332.0,741.0,1602.0,1277.0,714.0,369.0,247.0,164.0,97.0,72.0,76.0,86.0,84.0,70.0,102.0,90.0,560.0,3884.0,3844.0,2537.0,986.0,415.0,225.0,117.0,114.0,87.0,94.0,79.0,86.0,82.0,92.0,201.0,444.0,1308.0,2116.0,982.0,802.0,385.0,96.0,141.0,111.0,86.0,87.0,77.0,85.0,88.0,118.0,133.0,286.0,645.0,684.0,383.0,251.0,92.0,115.0,355.0,244.0,153.0,200.0,143.0,182.0,133.0,182.0,134.0,423.0,260.0,324.0,153.0,282.0,144.0,196.0,316,0,-1,-2,-2,-2,-2,-2,-2,-2,-2,-2,-2,-2,-2,-2,-2,-2,-2,150,True,316.59375,316.0,True,150,True,False,316.0,316.59375,316.0,150,True,150,True,True
6.068925,1778595901.241069,242,6068925,74.0,80.0,145.0,110.0,157.0,112.0,160.0,97.0,181.0,97.0,158.0,86.0,183.0,152.0,191.0,262.0,116.0,66.0,60.0,55.0,95.0,96.0,105.0,86.0,107.0,178.0,162.0,184.0,186.0,240.0,99.0,134.0,132.0,79.0,90.0,78.0,102.0,86.0,100.0,112.0,212.0,198.0,527.0,289.0,346.0,260.0,227.0,181.0,98.0,74.0,81.0,70.0,68.0,73.0,58.0,85.0,64.0,322.0,688.0,1454.0,1181.0,693.0,362.0,247.0,166.0,84.0,72.0,70.0,73.0,76.0,73.0,101.0,94.0,559.0,3835.0,3810.0,2527.0,994.0,419.0,215.0,137.0,96.0,91.0,96.0,76.0,84.0,79.0,94.0,208.0,450.0,1320.0,2158.0,1010.0,822.0,397.0,97.0,138.0,111.0,93.0,86.0,83.0,88.0,93.0,116.0,153.0,300.0,667.0,707.0,399.0,250.0,113.0,114.0,355.0,240.0,167.0,191.0,158.0,184.0,129.0,198.0,137.0,419.0,263.0,343.0,159.0,286.0,145.0,190.0,314,0,-1,-2,-2,-2,-2,-2,-2,-2,-2,-2,-2,-2,-2,-2,-2,-2,-2,150,True,314.9140625,314.0,True,150,True,False,314.0,314.9140625,314.0,150,True,150,True,True
6.093922,1778595901.265344,243,6093922,75.0,77.0,144.0,103.0,156.0,110.0,153.0,106.0,174.0,104.0,158.0,87.0,183.0,135.0,193.0,262.0,123.0,71.0,63.0,56.0,93.0,93.0,105.0,87.0,104.0,180.0,144.0,183.0,177.0,223.0,89.0,131.0,133.0,76.0,77.0,72.0,103.0,81.0,100.0,108.0,214.0,198.0,479.0,258.0,305.0,232.0,209.0,178.0,98.0,76.0,86.0,73.0,79.0,77.0,57.0,79.0,70.0,314.0,574.0,1101.0,941.0,602.0,329.0,214.0,165.0,91.0,68.0,86.0,78.0,86.0,72.0,111.0,99.0,537.0,3550.0,3656.0,2449.0,983.0,406.0,215.0,128.0,118.0,85.0,89.0,79.0,84.0,71.0,87.0,213.0,449.0,1373.0,2261.0,1056.0,863.0,404.0,101.0,138.0,103.0,86.0,90.0,90.0,79.0,97.0,112.0,151.0,304.0,692.0,760.0,431.0,277.0,112.0,121.0,347.0,248.0,151.0,184.0,142.0,193.0,141.0,190.0,137.0,436.0,273.0,346.0,169.0,283.0,158.0,209.0,305,0,-1,-2,-2,-2,-2,-2,-2,-2,-2,-2,-2,-2,-2,-2,-2,-2,-2,150,True,305.453125,305.0,True,150,True,False,305.0,305.453125,305.0,150,True,150,True,True
6.118925,1778595901.293743,244,6118925,78.0,70.0,133.0,106.0,167.0,120.0,164.0,110.0,175.0,101.0,150.0,78.0,187.0,136.0,194.0,242.0,113.0,64.0,61.0,66.0,96.0,93.0,109.0,85.0,96.0,170.0,141.0,161.0,153.0,213.0,87.0,137.0,138.0,87.0,83.0,75.0,104.0,84.0,103.0,104.0,198.0,176.0,400.0,198.0,246.0,206.0,192.0,167.0,87.0,87.0,81.0,70.0,70.0,86.0,61.0,76.0,63.0,276.0,439.0,720.0,658.0,504.0,295.0,189.0,174.0,86.0,72.0,87.0,86.0,85.0,69.0,103.0,89.0,503.0,3080.0,3343.0,2249.0,914.0,380.0,210.0,127.0,118.0,74.0,92.0,80.0,81.0,70.0,89.0,213.0,436.0,1463.0,2418.0,1113.0,899.0,415.0,103.0,140.0,95.0,83.0,89.0,83.0,86.0,94.0,120.0,151.0,318.0,762.0,811.0,476.0,279.0,103.0,127.0,366.0,238.0,160.0,194.0,148.0,203.0,132.0,181.0,142.0,430.0,288.0,376.0,166.0,272.0,154.0,196.0,290,0,-1,-2,-2,-2,-2,-2,-2,-2,-2,-2,-2,-2,-2,-2,-2,-2,-2,150,True,290.3359375,290.0,True,150,True,False,290.0,290.3359375,290.0,150,True,150,True,True
6.143926,1778595901.316464,245,6143926,74.0,77.0,135.0,117.0,156.0,116.0,159.0,104.0,176.0,90.0,146.0,87.0,179.0,144.0,191.0,248.0,125.0,65.0,54.0,67.0,87.0,85.0,110.0,83.0,98.0,166.0,135.0,144.0,153.0,199.0,81.0,131.0,144.0,87.0,89.0,66.0,89.0,91.0,103.0,106.0,190.0,148.0,337.0,165.0,199.0,181.0,184.0,152.0,95.0,78.0,81.0,77.0,80.0,82.0,62.0,79.0,71.0,231.0,312.0,456.0,440.0,407.0,260.0,180.0,168.0,89.0,81.0,82.0,85.0,93.0,74.0,105.0,93.0,436.0,2434.0,2878.0,2012.0,863.0,367.0,194.0,127.0,109.0,85.0,89.0,80.0,87.0,80.0,92.0,204.0,434.0,1544.0,2615.0,1198.0,938.0,424.0,121.0,146.0,112.0,82.0,90.0,93.0,87.0,105.0,108.0,157.0,348.0,821.0,897.0,507.0,293.0,114.0,119.0,343.0,247.0,158.0,199.0,142.0,196.0,146.0,191.0,151.0,443.0,302.0,409.0,175.0,308.0,153.0,195.0,276,0,-1,-2,-2,-2,-2,-2,-2,-2,-2,-2,-2,-2,-2,-2,-2,-2,-2,150,True,276.734375,276.0,True,150,True,False,276.0,276.734375,276.0,150,True,150,True,True
6.168927,1778595901.33581,246,6168927,74.0,69.0,149.0,104.0,156.0,118.0,163.0,114.0,177.0,97.0,146.0,80.0,180.0,144.0,195.0,264.0,117.0,71.0,58.0,68.0,87.0,100.0,93.0,98.0,109.0,161.0,136.0,131.0,128.0,183.0,86.0,127.0,135.0,75.0,85.0,63.0,94.0,88.0,93.0,103.0,169.0,143.0,284.0,144.0,165.0,162.0,168.0,150.0,96.0,84.0,77.0,64.0,70.0,84.0,67.0,84.0,71.0,195.0,235.0,322.0,322.0,366.0,233.0,174.0,175.0,89.0,68.0,84.0,88.0,83.0,76.0,96.0,82.0,387.0,1713.0,2210.0,1740.0,825.0,348.0,192.0,122.0,101.0,83.0,94.0,71.0,97.0,82.0,94.0,185.0,404.0,1452.0,2568.0,1227.0,962.0,439.0,114.0,145.0,109.0,90.0,80.0,88.0,81.0,88.0,118.0,158.0,342.0,836.0,921.0,536.0,324.0,119.0,121.0,355.0,241.0,166.0,198.0,158.0,186.0,144.0,191.0,145.0,442.0,325.0,424.0,201.0,315.0,152.0,188.0,257,0,-1,-2,-2,-2,-2,-2,-2,-2,-2,-2,-2,-2,-2,-2,-2,-2,-2,150,True,257.703125,257.0,True,150,True,False,257.0,257.703125,257.0,150,True,150,True,True
6.193925,1778595901.367474,247,6193925,72.0,66.0,141.0,99.0,160.0,112.0,156.0,101.0,173.0,89.0,145.0,75.0,182.0,140.0,189.0,248.0,128.0,71.0,55.0,68.0,77.0,85.0,108.0,90.0,87.0,148.0,120.0,134.0,126.0,165.0,89.0,130.0,129.0,80.0,78.0,61.0,97.0,90.0,94.0,113.0,144.0,136.0,249.0,116.0,142.0,158.0,159.0,149.0,90.0,74.0,78.0,72.0,74.0,85.0,57.0,69.0,64.0,180.0,181.0,241.0,233.0,329.0,203.0,175.0,168.0,87.0,68.0,83.0,88.0,77.0,68.0,100.0,88.0,326.0,1167.0,1592.0,1510.0,824.0,346.0,190.0,125.0,104.0,88.0,91.0,72.0,88.0,82.0,101.0,175.0,367.0,1302.0,2504.0,1284.0,1027.0,458.0,105.0,152.0,104.0,84.0,71.0,89.0,93.0,108.0,119.0,151.0,358.0,886.0,951.0,570.0,341.0,126.0,127.0,350.0,241.0,160.0,193.0,152.0,191.0,135.0,188.0,136.0,463.0,343.0,468.0,214.0,315.0,155.0,192.0,242,0,-1,-2,-2,-2,-2,-2,-2,-2,-2,-2,-2,-2,-2,-2,-2,-2,-2,150,True,242.265625,242.0,True,150,True,False,242.0,242.265625,242.0,150,True,150,True,True
6.218928,1778595901.382889,248,6218928,73.0,77.0,140.0,116.0,155.0,114.0,164.0,104.0,175.0,93.0,136.0,77.0,180.0,140.0,176.0,232.0,116.0,73.0,62.0,58.0,84.0,91.0,109.0,84.0,98.0,144.0,117.0,113.0,120.0,166.0,79.0,128.0,131.0,81.0,70.0,69.0,98.0,91.0,98.0,98.0,144.0,127.0,210.0,100.0,129.0,132.0,135.0,137.0,99.0,77.0,93.0,68.0,82.0,73.0,55.0,70.0,60.0,151.0,132.0,173.0,166.0,278.0,168.0,165.0,168.0,91.0,70.0,87.0,88.0,80.0,66.0,95.0,79.0,245.0,649.0,856.0,1097.0,745.0,315.0,184.0,127.0,125.0,76.0,84.0,80.0,87.0,75.0,105.0,159.0,312.0,945.0,2187.0,1273.0,1102.0,445.0,110.0,143.0,111.0,70.0,83.0,79.0,81.0,107.0,114.0,156.0,362.0,918.0,999.0,605.0,365.0,117.0,120.0,369.0,246.0,157.0,182.0,150.0,196.0,137.0,181.0,144.0,479.0,368.0,500.0,225.0,330.0,161.0,200.0,220,0,-1,-2,-2,-2,-2,-2,-2,-2,-2,-2,-2,-2,-2,-2,-2,-2,-2,150,True,220.4375,220.0,True,150,True,False,220.0,220.4375,220.0,150,True,150,True,True
6.243928,1778595901.41463,249,6243928,67.0,78.0,144.0,112.0,150.0,122.0,155.0,101.0,181.0,90.0,143.0,65.0,176.0,137.0,183.0,231.0,118.0,71.0,59.0,65.0,86.0,100.0,107.0,87.0,99.0,133.0,116.0,118.0,103.0,147.0,79.0,134.0,142.0,81.0,75.0,64.0,95.0,91.0,88.0,102.0,127.0,120.0,190.0,89.0,108.0,121.0,125.0,125.0,101.0,76.0,90.0,68.0,80.0,79.0,61.0,70.0,65.0,130.0,106.0,121.0,109.0,216.0,145.0,128.0,169.0,100.0,74.0,88.0,92.0,86.0,69.0,97.0,90.0,185.0,323.0,404.0,667.0,603.0,268.0,160.0,125.0,106.0,85.0,86.0,79.0,84.0,64.0,90.0,121.0,240.0,574.0,1654.0,1197.0,1125.0,421.0,105.0,153.0,109.0,86.0,89.0,78.0,80.0,102.0,106.0,143.0,367.0,979.0,1058.0,649.0,388.0,124.0,121.0,354.0,248.0,154.0,183.0,136.0,201.0,140.0,196.0,145.0,487.0,402.0,540.0,255.0,334.0,162.0,201.0,199,0,-1,-2,-2,-2,-2,-2,-2,-2,-2,-2,-2,-2,-2,-2,-2,-2,-2,150,True,199.578125,199.0,True,150,True,False,199.0,199.578125,199.0,150,True,150,True,True
6.268931,1778595901.438735,250,6268931,76.0,71.0,146.0,104.0,150.0,120.0,164.0,100.0,184.0,89.0,138.0,72.0,175.0,140.0,172.0,222.0,128.0,69.0,52.0,61.0,88.0,95.0,88.0,76.0,89.0,136.0,109.0,110.0,114.0,137.0,75.0,131.0,130.0,73.0,95.0,67.0,88.0,85.0,80.0,96.0,116.0,120.0,160.0,78.0,113.0,106.0,106.0,127.0,99.0,83.0,87.0,62.0,80.0,84.0,53.0,74.0,61.0,113.0,89.0,100.0,89.0,168.0,91.0,105.0,174.0,91.0,74.0,80.0,85.0,90.0,69.0,87.0,88.0,143.0,195.0,214.0,395.0,458.0,216.0,139.0,135.0,104.0,87.0,93.0,87.0,87.0,86.0,93.0,111.0,176.0,320.0,1078.0,1042.0,1165.0,364.0,97.0,142.0,99.0,94.0,85.0,86.0,90.0,94.0,105.0,141.0,334.0,990.0,1168.0,764.0,415.0,124.0,118.0,358.0,240.0,151.0,189.0,135.0,198.0,138.0,191.0,136.0,508.0,448.0,620.0,292.0,343.0,147.0,212.0,184,0,-1,-2,-2,-2,-2,-2,-2,-2,-2,-2,-2,-2,-2,-2,-2,-2,-2,150,True,184.6640625,184.0,True,150,True,False,184.0,184.6640625,184.0,150,True,150,True,True
6.293931,1778595901.466107,251,6293931,70.0,74.0,143.0,113.0,151.0,114.0,167.0,104.0,177.0,86.0,144.0,76.0,182.0,146.0,176.0,223.0,120.0,67.0,70.0,66.0,88.0,93.0,115.0,85.0,87.0,113.0,103.0,110.0,95.0,133.0,78.0,137.0,134.0,88.0,83.0,72.0,93.0,90.0,89.0,90.0,118.0,105.0,152.0,91.0,92.0,99.0,99.0,121.0,92.0,72.0,99.0,76.0,74.0,75.0,65.0,70.0,63.0,102.0,89.0,90.0,75.0,135.0,87.0,90.0,175.0,92.0,75.0,80.0,86.0,78.0,62.0,81.0,79.0,115.0,152.0,146.0,248.0,325.0,180.0,132.0,133.0,110.0,87.0,97.0,78.0,79.0,80.0,97.0,88.0,148.0,200.0,681.0,838.0,1187.0,330.0,90.0,146.0,104.0,75.0,92.0,88.0,89.0,99.0,90.0,125.0,280.0,908.0,1282.0,947.0,495.0,129.0,110.0,362.0,236.0,146.0,181.0,149.0,191.0,137.0,191.0,150.0,516.0,513.0,757.0,357.0,375.0,148.0,202.0,177,0,-1,-2,-2,-2,-2,-2,-2,-2,-2,-2,-2,-2,-2,-2,-2,-2,-2,150,True,177.9296875,177.0,True,150,True,False,177.0,177.9296875,177.0,150,True,150,True,True
6.318932,1778595901.483125,252,6318932,73.0,69.0,148.0,108.0,150.0,117.0,154.0,108.0,178.0,89.0,136.0,71.0,179.0,138.0,184.0,217.0,122.0,68.0,58.0,64.0,85.0,96.0,100.0,81.0,87.0,123.0,103.0,107.0,97.0,133.0,67.0,133.0,127.0,80.0,84.0,71.0,89.0,88.0,82.0,89.0,110.0,86.0,144.0,66.0,97.0,86.0,89.0,111.0,98.0,76.0,83.0,78.0,73.0,72.0,55.0,73.0,48.0,101.0,85.0,89.0,66.0,122.0,80.0,91.0,168.0,88.0,76.0,82.0,95.0,89.0,61.0,86.0,75.0,117.0,134.0,120.0,182.0,259.0,132.0,122.0,128.0,103.0,86.0,88.0,83.0,83.0,71.0,89.0,85.0,128.0,166.0,489.0,707.0,1260.0,307.0,84.0,135.0,106.0,79.0,93.0,91.0,78.0,92.0,93.0,100.0,239.0,796.0,1363.0,1177.0,627.0,132.0,117.0,359.0,236.0,157.0,193.0,133.0,193.0,129.0,198.0,140.0,515.0,614.0,989.0,500.0,402.0,157.0,196.0,177,0,-1,-2,-2,-2,-2,-2,-2,-2,-2,-2,-2,-2,-2,-2,-2,-2,-2,150,True,177.375,177.0,True,150,True,False,177.0,177.375,177.0,150,True,150,True,True
6.343929,1778595901.516833,253,6343929,70.0,74.0,148.0,110.0,152.0,122.0,157.0,115.0,174.0,95.0,139.0,76.0,169.0,134.0,189.0,217.0,121.0,65.0,57.0,72.0,82.0,93.0,103.0,79.0,85.0,103.0,103.0,104.0,90.0,121.0,73.0,119.0,137.0,92.0,79.0,78.0,97.0,91.0,88.0,91.0,110.0,87.0,130.0,75.0,89.0,83.0,80.0,121.0,101.0,72.0,86.0,69.0,77.0,81.0,55.0,70.0,62.0,87.0,79.0,83.0,66.0,112.0,74.0,83.0,174.0,91.0,75.0,89.0,80.0,71.0,70.0,80.0,69.0,103.0,125.0,117.0,154.0,214.0,121.0,125.0,125.0,113.0,83.0,86.0,87.0,95.0,78.0,87.0,75.0,120.0,148.0,461.0,713.0,1372.0,324.0,89.0,137.0,110.0,83.0,86.0,84.0,79.0,90.0,101.0,109.0,217.0,767.0,1511.0,1474.0,880.0,149.0,126.0,347.0,249.0,156.0,194.0,149.0,200.0,138.0,183.0,137.0,535.0,734.0,1312.0,718.0,466.0,159.0,205.0,188,0,-1,-2,-2,-2,-2,-2,-2,-2,-2,-2,-2,-2,-2,-2,-2,-2,-2,150,True,188.2421875,188.0,True,150,True,False,188.0,188.2421875,188.0,150,True,150,True,True
6.368931,1778595901.543306,254,6368931,74.0,80.0,141.0,108.0,152.0,106.0,172.0,101.0,183.0,90.0,140.0,83.0,167.0,147.0,175.0,230.0,128.0,66.0,71.0,63.0,95.0,84.0,105.0,77.0,89.0,120.0,101.0,97.0,91.0,121.0,74.0,130.0,142.0,86.0,84.0,77.0,87.0,86.0,91.0,89.0,109.0,87.0,136.0,71.0,81.0,85.0,79.0,122.0,106.0,73.0,79.0,64.0,80.0,80.0,55.0,72.0,58.0,97.0,86.0,83.0,68.0,104.0,65.0,80.0,173.0,87.0,76.0,86.0,81.0,80.0,73.0,82.0,72.0,110.0,132.0,115.0,156.0,193.0,119.0,115.0,119.0,112.0,84.0,99.0,76.0,85.0,69.0,87.0,85.0,124.0,151.0,556.0,898.0,1620.0,385.0,83.0,146.0,109.0,83.0,87.0,94.0,73.0,96.0,96.0,102.0,241.0,907.0,1870.0,1841.0,1235.0,178.0,120.0,344.0,250.0,169.0,178.0,149.0,190.0,142.0,189.0,149.0,569.0,1005.0,1787.0,1076.0,593.0,164.0,201.0,212,0,-1,-2,-2,-2,-2,-2,-2,-2,-2,-2,-2,-2,-2,-2,-2,-2,-2,150,True,212.8046875,212.0,True,150,True,False,212.0,212.8046875,212.0,150,True,150,True,True
6.393934,1778595901.566324,255,6393934,77.0,68.0,154.0,105.0,155.0,114.0,150.0,105.0,167.0,97.0,143.0,76.0,169.0,135.0,186.0,216.0,115.0,68.0,58.0,63.0,88.0,89.0,100.0,75.0,73.0,104.0,101.0,102.0,88.0,128.0,73.0,142.0,139.0,83.0,75.0,77.0,93.0,91.0,87.0,92.0,96.0,93.0,132.0,76.0,83.0,73.0,72.0,106.0,104.0,80.0,88.0,67.0,76.0,76.0,56.0,70.0,51.0,93.0,77.0,85.0,57.0,103.0,63.0,75.0,171.0,100.0,79.0,95.0,87.0,84.0,67.0,77.0,81.0,110.0,135.0,148.0,210.0,246.0,135.0,128.0,129.0,105.0,87.0,89.0,77.0,88.0,75.0,84.0,85.0,130.0,193.0,894.0,1494.0,2211.0,542.0,88.0,148.0,111.0,83.0,82.0,91.0,80.0,88.0,97.0,112.0,298.0,1204.0,2241.0,2087.0,1564.0,232.0,116.0,351.0,247.0,160.0,192.0,136.0,193.0,125.0,182.0,147.0,630.0,1331.0,2072.0,1310.0,683.0,169.0,219.0,245,0,-1,-2,-2,-2,-2,-2,-2,-2,-2,-2,-2,-2,-2,-2,-2,-2,-2,150,True,245.140625,245.0,True,150,True,False,245.0,245.140625,245.0,150,True,150,True,True
6.418934,1778595901.590656,0,6418934,74.0,68.0,150.0,114.0,152.0,118.0,157.0,107.0,171.0,95.0,134.0,75.0,170.0,136.0,182.0,216.0,125.0,72.0,71.0,70.0,87.0,105.0,94.0,80.0,82.0,108.0,98.0,82.0,88.0,121.0,85.0,121.0,139.0,87.0,89.0,71.0,88.0,91.0,85.0,80.0,97.0,88.0,125.0,72.0,81.0,85.0,83.0,109.0,97.0,75.0,73.0,65.0,72.0,81.0,60.0,58.0,49.0,100.0,87.0,85.0,63.0,112.0,66.0,83.0,168.0,88.0,74.0,88.0,89.0,94.0,70.0,84.0,77.0,117.0,181.0,242.0,425.0,415.0,182.0,132.0,127.0,107.0,89.0,89.0,88.0,85.0,76.0,94.0,76.0,143.0,286.0,1552.0,2485.0,2895.0,759.0,103.0,137.0,113.0,82.0,93.0,89.0,83.0,84.0,93.0,116.0,428.0,1568.0,2424.0,2104.0,1602.0,257.0,122.0,351.0,245.0,168.0,199.0,145.0,190.0,125.0,175.0,153.0,683.0,1430.0,2001.0,1172.0,648.0,162.0,210.0,276,0,-1,-2,-2,-2,-2,-2,-2,-2,-2,-2,-2,-2,-2,-2,-2,-2,-2,150,True,276.0625,276.0,True,150,True,False,276.0,276.0625,276.0,150,True,150,True,True
6.443937,1778595901.618427,1,6443937,71.0,72.0,145.0,103.0,140.0,120.0,158.0,112.0,177.0,86.0,135.0,79.0,173.0,137.0,179.0,221.0,111.0,67.0,59.0,53.0,88.0,99.0,100.0,73.0,80.0,113.0,93.0,90.0,97.0,124.0,72.0,134.0,137.0,86.0,86.0,67.0,82.0,88.0,83.0,85.0,94.0,96.0,135.0,79.0,81.0,82.0,89.0,117.0,103.0,87.0,79.0,80.0,76.0,77.0,52.0,56.0,53.0,104.0,95.0,121.0,101.0,150.0,92.0,104.0,176.0,90.0,70.0,87.0,80.0,77.0,74.0,87.0,105.0,140.0,266.0,488.0,1025.0,842.0,294.0,142.0,129.0,110.0,85.0,89.0,74.0,76.0,73.0,99.0,98.0,200.0,473.0,2877.0,4339.0,3700.0,1041.0,106.0,138.0,109.0,87.0,84.0,83.0,80.0,83.0,95.0,151.0,573.0,1937.0,2436.0,1948.0,1500.0,252.0,116.0,357.0,244.0,167.0,189.0,136.0,192.0,121.0,192.0,147.0,710.0,1363.0,1662.0,899.0,552.0,169.0,203.0,320,0,-1,-2,-2,-2,-2,-2,-2,-2,-2,-2,-2,-2,-2,-2,-2,-2,-2,150,True,320.8203125,320.0,True,150,True,False,320.0,320.8203125,320.0,150,True,150,True,True
6.468937,1778595901.638375,2,6468937,70.0,74.0,141.0,106.0,152.0,117.0,159.0,106.0,180.0,88.0,139.0,81.0,176.0,136.0,179.0,220.0,113.0,75.0,59.0,73.0,83.0,93.0,105.0,77.0,82.0,113.0,86.0,91.0,85.0,117.0,76.0,132.0,131.0,81.0,81.0,70.0,87.0,97.0,90.0,91.0,104.0,102.0,160.0,86.0,103.0,101.0,97.0,121.0,92.0,88.0,86.0,62.0,79.0,84.0,63.0,63.0,56.0,125.0,132.0,197.0,183.0,273.0,157.0,122.0,166.0,91.0,72.0,83.0,88.0,82.0,72.0,87.0,89.0,174.0,423.0,939.0,2087.0,1477.0,412.0,164.0,132.0,115.0,82.0,91.0,85.0,90.0,72.0,97.0,119.0,258.0,722.0,3986.0,5300.0,3610.0,1095.0,109.0,141.0,111.0,72.0,82.0,96.0,84.0,82.0,93.0,175.0,670.0,1844.0,1858.0,1401.0,1125.0,234.0,116.0,355.0,236.0,168.0,185.0,142.0,188.0,135.0,184.0,146.0,682.0,1022.0,1137.0,541.0,427.0,148.0,206.0,340,0,-1,-2,-2,-2,-2,-2,-2,-2,-2,-2,-2,-2,-2,-2,-2,-2,-2,150,True,340.6484375,340.0,True,150,True,False,340.0,340.6484375,340.0,150,True,150,True,True
6.493937,1778595901.666442,3,6493937,79.0,71.0,145.0,108.0,156.0,125.0,157.0,104.0,176.0,84.0,133.0,82.0,171.0,139.0,173.0,227.0,126.0,65.0,56.0,62.0,90.0,94.0,101.0,84.0,86.0,122.0,104.0,102.0,96.0,127.0,72.0,118.0,142.0,79.0,75.0,68.0,89.0,87.0,87.0,85.0,107.0,114.0,230.0,126.0,161.0,124.0,130.0,125.0,93.0,76.0,87.0,73.0,73.0,83.0,55.0,65.0,60.0,138.0,185.0,336.0,371.0,517.0,248.0,156.0,161.0,95.0,73.0,84.0,87.0,82.0,69.0,85.0,85.0,219.0,627.0,1444.0,3304.0,1958.0,494.0,184.0,127.0,107.0,87.0,90.0,77.0,86.0,81.0,101.0,128.0,307.0,817.0,3831.0,4550.0,2796.0,925.0,97.0,145.0,97.0,86.0,80.0,88.0,85.0,93.0,101.0,168.0,605.0,1331.0,1169.0,885.0,742.0,181.0,117.0,353.0,250.0,157.0,189.0,144.0,184.0,141.0,187.0,151.0,603.0,638.0,711.0,331.0,365.0,139.0,206.0,328,0,-1,-2,-2,-2,-2,-2,-2,-2,-2,-2,-2,-2,-2,-2,-2,-2,-2,150,True,328.59375,328.0,True,150,True,False,328.0,328.59375,328.0,150,True,150,True,True
6.518939,1778595901.685534,4,6518939,73.0,81.0,150.0,105.0,159.0,120.0,153.0,111.0,159.0,85.0,138.0,71.0,168.0,133.0,180.0,213.0,114.0,62.0,66.0,61.0,86.0,86.0,103.0,87.0,86.0,135.0,114.0,128.0,111.0,151.0,84.0,132.0,137.0,79.0,82.0,69.0,93.0,91.0,85.0,89.0,127.0,138.0,319.0,185.0,263.0,182.0,162.0,140.0,104.0,74.0,88.0,57.0,78.0,76.0,56.0,63.0,63.0,180.0,251.0,556.0,713.0,912.0,374.0,196.0,167.0,86.0,70.0,82.0,85.0,70.0,65.0,94.0,81.0,249.0,789.0,1919.0,4432.0,2319.0,557.0,184.0,133.0,104.0,87.0,100.0,85.0,87.0,72.0,101.0,140.0,300.0,741.0,2933.0,3343.0,2071.0,760.0,101.0,150.0,110.0,82.0,88.0,81.0,86.0,98.0,98.0,166.0,481.0,883.0,731.0,590.0,513.0,149.0,118.0,360.0,236.0,157.0,180.0,139.0,189.0,144.0,190.0,138.0,533.0,437.0,504.0,232.0,325.0,140.0,212.0,318,0,-1,-2,-2,-2,-2,-2,-2,-2,-2,-2,-2,-2,-2,-2,-2,-2,-2,150,True,318.234375,318.0,True,150,True,False,318.0,318.234375,318.0,150,True,150,True,True
6.543938,1778595901.72705,5,6543938,78.0,67.0,142.0,100.0,152.0,123.0,162.0,105.0,169.0,93.0,141.0,78.0,169.0,137.0,191.0,214.0,112.0,73.0,65.0,63.0,86.0,95.0,100.0,83.0,95.0,151.0,136.0,163.0,143.0,177.0,90.0,122.0,143.0,81.0,81.0,72.0,88.0,89.0,80.0,84.0,129.0,174.0,480.0,293.0,447.0,273.0,211.0,158.0,95.0,68.0,82.0,66.0,71.0,85.0,57.0,66.0,63.0,209.0,347.0,854.0,1208.0,1366.0,534.0,246.0,165.0,87.0,73.0,80.0,89.0,78.0,68.0,87.0,81.0,276.0,889.0,2195.0,5125.0,2499.0,607.0,203.0,133.0,103.0,80.0,86.0,85.0,90.0,73.0,97.0,147.0,301.0,621.0,2053.0,2329.0,1575.0,635.0,104.0,144.0,105.0,95.0,73.0,85.0,82.0,89.0,103.0,166.0,395.0,620.0,520.0,422.0,385.0,131.0,110.0,351.0,248.0,154.0,193.0,152.0,195.0,133.0,188.0,136.0,499.0,322.0,389.0,183.0,293.0,125.0,201.0,317,0,-1,-2,-2,-2,-2,-2,-2,-2,-2,-2,-2,-2,-2,-2,-2,-2,-2,150,True,317.0,317.0,True,150,True,False,317.0,317.0,317.0,150,True,150,True,True
6.56894,1778595901.732716,6,6568940,65.0,71.0,142.0,110.0,153.0,117.0,158.0,110.0,183.0,89.0,142.0,78.0,167.0,138.0,178.0,214.0,109.0,77.0,66.0,63.0,89.0,96.0,101.0,83.0,112.0,170.0,162.0,205.0,187.0,216.0,91.0,132.0,140.0,85.0,85.0,70.0,96.0,89.0,89.0,87.0,145.0,207.0,658.0,406.0,678.0,374.0,272.0,166.0,88.0,79.0,75.0,68.0,79.0,80.0,58.0,72.0,72.0,238.0,421.0,1150.0,1726.0,1741.0,686.0,318.0,167.0,90.0,79.0,80.0,88.0,83.0,76.0,92.0,86.0,293.0,906.0,2082.0,4983.0,2362.0,630.0,216.0,125.0,113.0,85.0,97.0,76.0,85.0,82.0,112.0,143.0,288.0,506.0,1364.0,1514.0,1175.0,535.0,101.0,157.0,109.0,82.0,86.0,96.0,80.0,108.0,105.0,144.0,337.0,459.0,376.0,320.0,302.0,118.0,118.0,355.0,241.0,157.0,185.0,144.0,185.0,138.0,194.0,138.0,462.0,266.0,323.0,176.0,276.0,130.0,206.0,312,0,-1,-2,-2,-2,-2,-2,-2,-2,-2,-2,-2,-2,-2,-2,-2,-2,-2,150,True,312.1796875,312.0,True,150,True,False,312.0,312.1796875,312.0,150,True,150,True,True
6.593941,1778595901.766867,7,6593941,72.0,69.0,142.0,110.0,153.0,118.0,146.0,108.0,174.0,88.0,128.0,79.0,175.0,134.0,184.0,219.0,123.0,67.0,64.0,55.0,88.0,95.0,105.0,81.0,117.0,193.0,186.0,266.0,227.0,265.0,95.0,136.0,129.0,84.0,83.0,70.0,83.0,85.0,91.0,89.0,152.0,227.0,848.0,509.0,893.0,477.0,310.0,184.0,97.0,75.0,87.0,69.0,90.0,73.0,54.0,67.0,64.0,266.0,472.0,1384.0,2212.0,1982.0,786.0,362.0,168.0,82.0,70.0,90.0,82.0,82.0,72.0,92.0,88.0,287.0,879.0,1804.0,4430.0,2099.0,618.0,232.0,126.0,102.0,80.0,81.0,74.0,87.0,86.0,104.0,141.0,264.0,409.0,962.0,1029.0,917.0,449.0,88.0,138.0,111.0,86.0,77.0,88.0,80.0,92.0,105.0,144.0,274.0,367.0,305.0,267.0,246.0,104.0,111.0,355.0,244.0,166.0,184.0,154.0,201.0,136.0,197.0,136.0,434.0,239.0,295.0,158.0,269.0,129.0,211.0,304,0,-1,-2,-2,-2,-2,-2,-2,-2,-2,-2,-2,-2,-2,-2,-2,-2,-2,150,True,304.6328125,304.0,True,150,True,False,304.0,304.6328125,304.0,150,True,150,True,True
6.618945,1778595901.78531,8,6618945,65.0,68.0,143.0,101.0,152.0,116.0,156.0,109.0,167.0,91.0,142.0,81.0,184.0,137.0,184.0,217.0,125.0,69.0,69.0,70.0,89.0,88.0,102.0,86.0,119.0,228.0,231.0,329.0,285.0,312.0,104.0,133.0,130.0,76.0,87.0,77.0,83.0,81.0,84.0,95.0,155.0,270.0,985.0,593.0,1100.0,559.0,358.0,189.0,88.0,72.0,92.0,71.0,84.0,73.0,54.0,72.0,71.0,282.0,526.0,1579.0,2679.0,2142.0,893.0,422.0,169.0,101.0,78.0,84.0,83.0,85.0,73.0,92.0,81.0,311.0,867.0,1678.0,4092.0,1940.0,617.0,240.0,120.0,109.0,74.0,94.0,80.0,89.0,74.0,105.0,151.0,257.0,374.0,835.0,816.0,788.0,404.0,88.0,137.0,109.0,88.0,86.0,90.0,98.0,86.0,107.0,141.0,245.0,335.0,273.0,230.0,225.0,104.0,118.0,352.0,259.0,163.0,186.0,144.0,194.0,138.0,187.0,130.0,426.0,234.0,269.0,154.0,266.0,138.0,206.0,309,0,-1,-2,-2,-2,-2,-2,-2,-2,-2,-2,-2,-2,-2,-2,-2,-2,-2,150,True,309.6953125,309.0,True,150,True,False,309.0,309.6953125,309.0,150,True,150,True,True
6.643944,1778595901.812236,9,6643944,68.0,74.0,159.0,104.0,145.0,117.0,165.0,108.0,169.0,94.0,145.0,85.0,186.0,141.0,179.0,227.0,113.0,70.0,71.0,65.0,80.0,89.0,101.0,86.0,110.0,263.0,274.0,388.0,337.0,357.0,110.0,134.0,132.0,79.0,82.0,78.0,88.0,87.0,80.0,103.0,173.0,290.0,1103.0,667.0,1254.0,631.0,375.0,207.0,95.0,68.0,83.0,78.0,72.0,78.0,59.0,79.0,73.0,296.0,547.0,1677.0,2960.0,2202.0,926.0,446.0,159.0,95.0,75.0,90.0,82.0,85.0,62.0,92.0,90.0,318.0,869.0,1590.0,3764.0,1775.0,597.0,245.0,127.0,92.0,85.0,95.0,90.0,88.0,72.0,98.0,147.0,250.0,365.0,751.0,700.0,706.0,380.0,100.0,150.0,106.0,78.0,81.0,75.0,88.0,92.0,97.0,143.0,237.0,312.0,249.0,215.0,212.0,97.0,123.0,353.0,241.0,152.0,193.0,136.0,208.0,140.0,193.0,150.0,423.0,221.0,252.0,141.0,259.0,129.0,200.0,311,0,-1,-2,-2,-2,-2,-2,-2,-2,-2,-2,-2,-2,-2,-2,-2,-2,-2,150,True,311.421875,311.0,True,150,True,False,311.0,311.421875,311.0,150,True,150,True,True
6.668945,1778595901.843551,10,6668945,79.0,77.0,144.0,115.0,157.0,113.0,162.0,102.0,185.0,90.0,140.0,88.0,191.0,137.0,184.0,222.0,113.0,65.0,69.0,70.0,90.0,89.0,92.0,92.0,117.0,280.0,309.0,422.0,389.0,397.0,119.0,136.0,139.0,72.0,87.0,74.0,88.0,92.0,85.0,104.0,187.0,318.0,1156.0,689.0,1337.0,675.0,403.0,216.0,93.0,72.0,91.0,70.0,74.0,77.0,58.0,69.0,65.0,292.0,545.0,1682.0,2984.0,2173.0,928.0,465.0,166.0,93.0,74.0,88.0,80.0,77.0,70.0,85.0,85.0,318.0,859.0,1520.0,3436.0,1631.0,589.0,249.0,128.0,109.0,87.0,85.0,84.0,92.0,76.0,105.0,150.0,264.0,345.0,701.0,621.0,651.0,348.0,95.0,145.0,106.0,79.0,84.0,88.0,82.0,86.0,101.0,129.0,230.0,296.0,244.0,204.0,202.0,95.0,112.0,358.0,246.0,162.0,184.0,157.0,204.0,132.0,184.0,137.0,428.0,208.0,249.0,144.0,247.0,128.0,207.0,308,0,-1,-2,-2,-2,-2,-2,-2,-2,-2,-2,-2,-2,-2,-2,-2,-2,-2,150,True,308.703125,308.0,True,150,True,False,308.0,308.703125,308.0,150,True,150,True,True
6.693946,1778595901.861834,11,6693946,73.0,72.0,150.0,106.0,151.0,123.0,172.0,107.0,175.0,89.0,145.0,92.0,191.0,139.0,183.0,216.0,124.0,74.0,61.0,57.0,85.0,92.0,100.0,90.0,105.0,293.0,316.0,447.0,422.0,423.0,114.0,134.0,137.0,88.0,85.0,68.0,90.0,87.0,81.0,102.0,186.0,310.0,1174.0,716.0,1380.0,692.0,425.0,216.0,94.0,76.0,86.0,72.0,81.0,80.0,62.0,69.0,73.0,289.0,539.0,1663.0,2984.0,2133.0,947.0,487.0,173.0,90.0,72.0,80.0,85.0,81.0,74.0,91.0,89.0,319.0,893.0,1539.0,3371.0,1607.0,605.0,247.0,127.0,114.0,84.0,92.0,81.0,85.0,74.0,103.0,151.0,247.0,361.0,710.0,606.0,658.0,356.0,97.0,145.0,106.0,86.0,85.0,84.0,86.0,96.0,92.0,137.0,226.0,294.0,239.0,206.0,197.0,103.0,116.0,356.0,257.0,151.0,189.0,137.0,201.0,133.0,188.0,132.0,416.0,215.0,247.0,141.0,243.0,128.0,204.0,310,0,-1,-2,-2,-2,-2,-2,-2,-2,-2,-2,-2,-2,-2,-2,-2,-2,-2,150,True,310.0859375,310.0,True,150,True,False,310.0,310.0859375,310.0,150,True,150,True,True
6.718945,1778595901.889432,12,6718945,64.0,71.0,148.0,107.0,156.0,117.0,154.0,104.0,181.0,99.0,153.0,79.0,193.0,136.0,180.0,225.0,116.0,69.0,67.0,64.0,87.0,94.0,107.0,95.0,117.0,303.0,317.0,447.0,426.0,443.0,116.0,133.0,131.0,85.0,82.0,75.0,99.0,87.0,85.0,94.0,183.0,316.0,1132.0,686.0,1362.0,691.0,436.0,221.0,101.0,72.0,91.0,68.0,77.0,76.0,62.0,71.0,66.0,278.0,514.0,1560.0,2772.0,2051.0,961.0,513.0,154.0,88.0,74.0,84.0,87.0,74.0,71.0,88.0,75.0,322.0,898.0,1556.0,3327.0,1585.0,606.0,261.0,127.0,103.0,97.0,90.0,89.0,80.0,77.0,96.0,149.0,258.0,365.0,709.0,585.0,658.0,364.0,97.0,147.0,110.0,85.0,72.0,88.0,75.0,91.0,114.0,137.0,227.0,303.0,245.0,212.0,188.0,92.0,124.0,346.0,237.0,151.0,191.0,142.0,190.0,135.0,177.0,129.0,409.0,200.0,247.0,139.0,251.0,141.0,193.0,305,0,-1,-2,-2,-2,-2,-2,-2,-2,-2,-2,-2,-2,-2,-2,-2,-2,-2,150,True,305.84375,305.0,True,150,True,False,305.0,305.84375,305.0,150,True,150,True,True
6.743948,1778595901.912785,13,6743948,69.0,66.0,146.0,107.0,152.0,119.0,150.0,106.0,183.0,99.0,156.0,91.0,201.0,135.0,189.0,222.0,120.0,63.0,67.0,65.0,77.0,99.0,112.0,85.0,116.0,287.0,327.0,438.0,431.0,452.0,117.0,127.0,127.0,77.0,89.0,71.0,90.0,87.0,84.0,102.0,176.0,301.0,1075.0,650.0,1327.0,698.0,437.0,229.0,94.0,76.0,80.0,66.0,71.0,81.0,62.0,69.0,73.0,281.0,493.0,1446.0,2550.0,1979.0,964.0,529.0,168.0,86.0,80.0,88.0,79.0,84.0,72.0,91.0,80.0,326.0,934.0,1571.0,3367.0,1598.0,626.0,265.0,127.0,103.0,80.0,87.0,77.0,94.0,80.0,111.0,162.0,256.0,377.0,721.0,584.0,659.0,351.0,89.0,143.0,108.0,77.0,92.0,88.0,78.0,88.0,99.0,132.0,215.0,296.0,240.0,194.0,190.0,98.0,121.0,360.0,245.0,151.0,188.0,129.0,193.0,128.0,183.0,151.0,406.0,205.0,250.0,133.0,245.0,138.0,200.0,302,0,-1,-2,-2,-2,-2,-2,-2,-2,-2,-2,-2,-2,-2,-2,-2,-2,-2,150,True,302.6953125,302.0,True,150,True,False,302.0,302.6953125,302.0,150,True,150,True,True
6.76895,1778595901.937385,14,6768950,72.0,72.0,150.0,104.0,154.0,120.0,163.0,98.0,188.0,92.0,152.0,84.0,202.0,139.0,178.0,221.0,116.0,71.0,56.0,67.0,86.0,96.0,113.0,84.0,121.0,290.0,310.0,446.0,439.0,459.0,110.0,131.0,137.0,80.0,85.0,62.0,85.0,88.0,91.0,105.0,176.0,295.0,1029.0,635.0,1303.0,703.0,465.0,228.0,91.0,75.0,90.0,69.0,78.0,89.0,58.0,72.0,77.0,271.0,497.0,1388.0,2422.0,1928.0,977.0,546.0,168.0,84.0,78.0,85.0,89.0,72.0,69.0,95.0,87.0,326.0,993.0,1682.0,3504.0,1661.0,645.0,272.0,136.0,106.0,91.0,101.0,78.0,90.0,66.0,94.0,159.0,268.0,408.0,764.0,574.0,678.0,375.0,84.0,146.0,108.0,88.0,81.0,93.0,81.0,100.0,102.0,129.0,231.0,289.0,251.0,206.0,191.0,100.0,116.0,354.0,247.0,172.0,184.0,151.0,180.0,139.0,182.0,141.0,418.0,213.0,246.0,136.0,245.0,137.0,199.0,305,0,-1,-2,-2,-2,-2,-2,-2,-2,-2,-2,-2,-2,-2,-2,-2,-2,-2,150,True,305.6015625,305.0,True,150,True,False,305.0,305.6015625,305.0,150,True,150,True,True
6.793949,1778595901.953199,15,6793949,72.0,69.0,145.0,105.0,160.0,118.0,157.0,109.0,178.0,94.0,151.0,94.0,198.0,136.0,182.0,218.0,127.0,69.0,63.0,62.0,85.0,85.0,103.0,88.0,119.0,286.0,301.0,435.0,442.0,477.0,127.0,129.0,131.0,87.0,79.0,71.0,92.0,92.0,84.0,104.0,185.0,294.0,986.0,617.0,1264.0,703.0,472.0,232.0,104.0,75.0,81.0,78.0,74.0,79.0,53.0,74.0,64.0,271.0,495.0,1382.0,2363.0,1904.0,988.0,560.0,165.0,85.0,76.0,80.0,85.0,81.0,57.0,95.0,79.0,334.0,1056.0,1802.0,3632.0,1707.0,679.0,276.0,129.0,105.0,97.0,88.0,74.0,84.0,69.0,97.0,159.0,274.0,417.0,786.0,577.0,674.0,385.0,92.0,144.0,120.0,87.0,87.0,86.0,87.0,92.0,109.0,120.0,215.0,302.0,250.0,200.0,192.0,91.0,115.0,351.0,233.0,151.0,202.0,146.0,199.0,135.0,182.0,138.0,402.0,200.0,238.0,133.0,246.0,135.0,202.0,307,0,-1,-2,-2,-2,-2,-2,-2,-2,-2,-2,-2,-2,-2,-2,-2,-2,-2,150,True,307.09375,307.0,True,150,True,False,307.0,307.09375,307.0,150,True,150,True,True
6.818951,1778595901.984449,16,6818951,70.0,78.0,146.0,100.0,153.0,114.0,166.0,117.0,181.0,97.0,149.0,80.0,201.0,142.0,180.0,219.0,108.0,66.0,66.0,70.0,84.0,87.0,104.0,90.0,122.0,275.0,293.0,433.0,439.0,480.0,127.0,129.0,136.0,86.0,84.0,67.0,88.0,89.0,83.0,99.0,170.0,282.0,945.0,601.0,1228.0,698.0,477.0,236.0,92.0,77.0,72.0,68.0,75.0,71.0,51.0,76.0,70.0,272.0,484.0,1382.0,2323.0,1886.0,1016.0,585.0,167.0,90.0,72.0,89.0,86.0,83.0,70.0,89.0,89.0,335.0,1114.0,1931.0,3789.0,1778.0,700.0,288.0,127.0,113.0,75.0,100.0,78.0,87.0,77.0,109.0,173.0,271.0,428.0,822.0,574.0,670.0,392.0,85.0,139.0,112.0,85.0,82.0,86.0,88.0,80.0,101.0,133.0,226.0,310.0,251.0,202.0,182.0,103.0,120.0,360.0,236.0,162.0,179.0,151.0,187.0,136.0,182.0,144.0,410.0,206.0,244.0,130.0,249.0,129.0,210.0,310,0,-1,-2,-2,-2,-2,-2,-2,-2,-2,-2,-2,-2,-2,-2,-2,-2,-2,150,True,310.1640625,310.0,True,150,True,False,310.0,310.1640625,310.0,150,True,150,True,True
6.843952,1778595902.01294,17,6843952,74.0,78.0,148.0,103.0,150.0,118.0,156.0,109.0,176.0,95.0,152.0,89.0,201.0,139.0,183.0,220.0,126.0,67.0,53.0,71.0,87.0,96.0,102.0,91.0,118.0,280.0,292.0,424.0,444.0,487.0,142.0,127.0,138.0,91.0,76.0,72.0,90.0,94.0,93.0,104.0,178.0,280.0,910.0,580.0,1206.0,683.0,496.0,246.0,97.0,72.0,88.0,71.0,86.0,80.0,59.0,80.0,73.0,270.0,483.0,1436.0,2418.0,1924.0,1036.0,609.0,168.0,85.0,67.0,86.0,81.0,76.0,70.0,94.0,96.0,340.0,1194.0,2137.0,4163.0,1924.0,729.0,292.0,128.0,111.0,99.0,96.0,86.0,91.0,79.0,103.0,169.0,282.0,461.0,896.0,615.0,711.0,423.0,102.0,139.0,111.0,79.0,78.0,88.0,89.0,95.0,96.0,136.0,229.0,318.0,275.0,204.0,190.0,93.0,120.0,359.0,246.0,160.0,193.0,154.0,186.0,127.0,175.0,132.0,410.0,201.0,242.0,128.0,231.0,128.0,201.0,320,0,-1,-2,-2,-2,-2,-2,-2,-2,-2,-2,-2,-2,-2,-2,-2,-2,-2,150,True,320.96875,320.0,True,150,True,False,320.0,320.96875,320.0,150,True,150,True,True
6.868956,1778595902.03816,18,6868956,72.0,70.0,149.0,102.0,157.0,111.0,156.0,103.0,177.0,95.0,151.0,89.0,205.0,143.0,180.0,219.0,126.0,63.0,64.0,65.0,87.0,90.0,113.0,79.0,108.0,278.0,276.0,427.0,448.0,497.0,122.0,134.0,143.0,80.0,83.0,65.0,87.0,89.0,92.0,99.0,182.0,266.0,881.0,575.0,1172.0,675.0,482.0,250.0,96.0,85.0,77.0,73.0,73.0,77.0,52.0,75.0,74.0,272.0,488.0,1496.0,2573.0,1958.0,1018.0,599.0,170.0,87.0,76.0,83.0,95.0,80.0,69.0,89.0,79.0,343.0,1240.0,2393.0,4815.0,2152.0,785.0,304.0,118.0,112.0,83.0,102.0,79.0,86.0,77.0,103.0,177.0,282.0,502.0,1028.0,724.0,807.0,469.0,92.0,153.0,113.0,82.0,74.0,85.0,88.0,97.0,104.0,144.0,232.0,334.0,286.0,236.0,205.0,95.0,134.0,361.0,240.0,156.0,186.0,152.0,182.0,136.0,190.0,136.0,410.0,201.0,254.0,145.0,244.0,129.0,206.0,335,0,-1,-2,-2,-2,-2,-2,-2,-2,-2,-2,-2,-2,-2,-2,-2,-2,-2,150,True,335.578125,335.0,True,150,True,False,335.0,335.578125,335.0,150,True,150,True,True
6.893957,1778595902.061382,19,6893957,73.0,69.0,146.0,101.0,157.0,122.0,166.0,92.0,181.0,89.0,161.0,92.0,197.0,145.0,189.0,228.0,133.0,65.0,57.0,72.0,85.0,91.0,105.0,97.0,127.0,259.0,265.0,401.0,429.0,473.0,125.0,136.0,147.0,87.0,86.0,66.0,86.0,79.0,94.0,97.0,161.0,262.0,831.0,546.0,1084.0,638.0,446.0,246.0,104.0,87.0,82.0,66.0,75.0,86.0,57.0,72.0,72.0,267.0,471.0,1514.0,2555.0,1902.0,974.0,569.0,176.0,84.0,74.0,80.0,82.0,88.0,65.0,97.0,96.0,342.0,1245.0,2557.0,5356.0,2330.0,801.0,309.0,126.0,114.0,85.0,89.0,84.0,95.0,84.0,100.0,167.0,287.0,546.0,1177.0,867.0,898.0,519.0,97.0,141.0,107.0,86.0,79.0,79.0,84.0,108.0,106.0,142.0,233.0,358.0,326.0,260.0,214.0,101.0,125.0,362.0,246.0,154.0,194.0,145.0,192.0,140.0,182.0,142.0,404.0,214.0,261.0,140.0,249.0,139.0,217.0,344,0,-1,-2,-2,-2,-2,-2,-2,-2,-2,-2,-2,-2,-2,-2,-2,-2,-2,150,True,344.40625,344.0,True,150,True,False,344.0,344.40625,344.0,150,True,150,True,True
6.918953,1778595902.086646,20,6918953,70.0,70.0,146.0,107.0,152.0,122.0,159.0,105.0,174.0,103.0,158.0,88.0,196.0,145.0,182.0,224.0,111.0,76.0,56.0,73.0,87.0,91.0,107.0,100.0,107.0,249.0,251.0,370.0,395.0,437.0,123.0,126.0,135.0,79.0,86.0,66.0,92.0,79.0,81.0,104.0,175.0,250.0,752.0,488.0,930.0,570.0,404.0,237.0,91.0,83.0,89.0,71.0,75.0,69.0,55.0,73.0,78.0,252.0,430.0,1411.0,2336.0,1778.0,887.0,518.0,167.0,89.0,72.0,79.0,89.0,87.0,67.0,97.0,86.0,324.0,1245.0,2678.0,5722.0,2440.0,821.0,310.0,124.0,100.0,88.0,90.0,72.0,82.0,87.0,110.0,175.0,295.0,594.0,1364.0,996.0,1009.0,561.0,103.0,140.0,115.0,80.0,89.0,87.0,85.0,90.0,114.0,140.0,253.0,394.0,364.0,282.0,231.0,113.0,120.0,357.0,242.0,152.0,185.0,140.0,176.0,142.0,191.0,138.0,410.0,220.0,280.0,150.0,252.0,113.0,204.0,344,0,-1,-2,-2,-2,-2,-2,-2,-2,-2,-2,-2,-2,-2,-2,-2,-2,-2,150,True,344.1875,344.0,True,150,True,False,344.0,344.1875,344.0,150,True,150,True,True
6.943956,1778595902.111895,21,6943956,78.0,70.0,152.0,109.0,155.0,120.0,164.0,106.0,182.0,83.0,152.0,82.0,199.0,142.0,184.0,225.0,118.0,68.0,63.0,68.0,84.0,102.0,107.0,94.0,104.0,244.0,229.0,336.0,357.0,396.0,112.0,131.0,128.0,82.0,85.0,71.0,80.0,84.0,87.0,110.0,160.0,224.0,674.0,425.0,785.0,500.0,379.0,212.0,100.0,70.0,89.0,71.0,84.0,79.0,58.0,76.0,64.0,249.0,414.0,1316.0,2108.0,1653.0,831.0,491.0,166.0,83.0,74.0,85.0,89.0,74.0,65.0,87.0,81.0,329.0,1317.0,2937.0,6334.0,2638.0,836.0,298.0,125.0,97.0,86.0,90.0,80.0,87.0,69.0,106.0,171.0,299.0,682.0,1700.0,1246.0,1158.0,635.0,94.0,147.0,113.0,90.0,86.0,90.0,79.0,97.0,107.0,141.0,274.0,459.0,422.0,309.0,248.0,111.0,121.0,362.0,243.0,153.0,189.0,147.0,193.0,145.0,194.0,136.0,417.0,234.0,299.0,151.0,249.0,124.0,197.0,353,0,-1,-2,-2,-2,-2,-2,-2,-2,-2,-2,-2,-2,-2,-2,-2,-2,-2,150,True,353.125,353.0,True,150,True,False,353.0,353.125,353.0,150,True,150,True,True
6.968956,1778595902.138407,22,6968956,72.0,76.0,141.0,101.0,155.0,118.0,156.0,110.0,179.0,89.0,154.0,85.0,197.0,137.0,181.0,216.0,119.0,66.0,56.0,62.0,87.0,90.0,112.0,95.0,115.0,222.0,214.0,301.0,306.0,357.0,115.0,134.0,137.0,76.0,83.0,70.0,84.0,92.0,78.0,102.0,164.0,210.0,602.0,378.0,631.0,423.0,343.0,206.0,98.0,73.0,80.0,64.0,70.0,75.0,56.0,70.0,71.0,224.0,377.0,1138.0,1770.0,1472.0,745.0,453.0,168.0,90.0,74.0,82.0,82.0,86.0,65.0,91.0,85.0,333.0,1334.0,3117.0,6764.0,2756.0,852.0,303.0,130.0,104.0,78.0,101.0,88.0,96.0,70.0,104.0,171.0,316.0,809.0,2104.0,1524.0,1324.0,713.0,110.0,140.0,112.0,92.0,78.0,86.0,89.0,89.0,118.0,140.0,282.0,549.0,507.0,378.0,296.0,120.0,118.0,346.0,249.0,156.0,194.0,151.0,183.0,137.0,187.0,143.0,418.0,250.0,312.0,161.0,256.0,128.0,203.0,358,0,-1,-2,-2,-2,-2,-2,-2,-2,-2,-2,-2,-2,-2,-2,-2,-2,-2,150,True,358.7890625,358.0,True,150,True,False,358.0,358.7890625,358.0,150,True,150,True,True
6.993957,1778595902.162951,23,6993957,73.0,72.0,152.0,109.0,154.0,115.0,147.0,106.0,179.0,101.0,153.0,73.0,193.0,150.0,186.0,217.0,114.0,76.0,65.0,57.0,88.0,99.0,107.0,99.0,118.0,203.0,182.0,249.0,268.0,317.0,103.0,125.0,132.0,90.0,85.0,67.0,102.0,75.0,81.0,105.0,160.0,192.0,512.0,293.0,490.0,371.0,317.0,209.0,100.0,71.0,80.0,65.0,76.0,77.0,59.0,77.0,71.0,227.0,339.0,911.0,1384.0,1240.0,659.0,419.0,169.0,85.0,77.0,91.0,90.0,95.0,63.0,97.0,91.0,330.0,1350.0,3217.0,6884.0,2773.0,832.0,301.0,131.0,104.0,84.0,88.0,84.0,91.0,78.0,105.0,173.0,337.0,939.0,2576.0,1813.0,1487.0,775.0,105.0,144.0,106.0,83.0,83.0,80.0,84.0,93.0,105.0,152.0,319.0,649.0,627.0,446.0,330.0,120.0,124.0,352.0,247.0,163.0,184.0,144.0,193.0,135.0,191.0,136.0,453.0,270.0,344.0,168.0,274.0,136.0,200.0,361,0,-1,-2,-2,-2,-2,-2,-2,-2,-2,-2,-2,-2,-2,-2,-2,-2,-2,150,True,361.21875,361.0,True,150,True,False,361.0,361.21875,361.0,150,True,150,True,True
7.01896,1778595902.186931,24,7018960,84.0,74.0,137.0,105.0,138.0,120.0,156.0,116.0,166.0,93.0,149.0,71.0,189.0,136.0,176.0,211.0,114.0,65.0,69.0,68.0,86.0,97.0,115.0,86.0,104.0,185.0,161.0,220.0,220.0,281.0,102.0,134.0,134.0,82.0,88.0,65.0,103.0,88.0,83.0,98.0,151.0,179.0,439.0,234.0,362.0,294.0,275.0,190.0,91.0,86.0,87.0,65.0,72.0,71.0,57.0,84.0,70.0,215.0,298.0,686.0,1021.0,1035.0,577.0,382.0,168.0,86.0,71.0,85.0,76.0,86.0,72.0,100.0,85.0,333.0,1349.0,3207.0,6719.0,2736.0,803.0,301.0,119.0,98.0,93.0,88.0,85.0,84.0,76.0,101.0,190.0,369.0,1125.0,3192.0,2113.0,1644.0,863.0,113.0,144.0,115.0,73.0,92.0,74.0,81.0,96.0,116.0,168.0,367.0,801.0,771.0,535.0,380.0,122.0,120.0,361.0,247.0,148.0,198.0,140.0,185.0,144.0,197.0,142.0,455.0,294.0,378.0,174.0,285.0,127.0,203.0,362,0,-1,-2,-2,-2,-2,-2,-2,-2,-2,-2,-2,-2,-2,-2,-2,-2,-2,150,True,362.1328125,362.0,True,150,True,False,362.0,362.1328125,362.0,150,True,150,True,True
7.04396,1778595902.213847,25,7043960,65.0,69.0,149.0,114.0,157.0,120.0,163.0,107.0,181.0,95.0,143.0,79.0,183.0,139.0,184.0,216.0,118.0,65.0,57.0,73.0,88.0,103.0,101.0,90.0,102.0,181.0,152.0,188.0,189.0,238.0,102.0,128.0,127.0,91.0,81.0,74.0,90.0,78.0,85.0,98.0,152.0,175.0,367.0,189.0,292.0,234.0,246.0,193.0,97.0,73.0,80.0,66.0,72.0,75.0,62.0,66.0,74.0,212.0,266.0,536.0,777.0,873.0,515.0,353.0,168.0,93.0,73.0,82.0,90.0,88.0,68.0,101.0,86.0,336.0,1296.0,3086.0,6440.0,2673.0,787.0,296.0,122.0,102.0,85.0,92.0,76.0,84.0,79.0,103.0,196.0,380.0,1277.0,3828.0,2383.0,1803.0,938.0,109.0,137.0,107.0,82.0,81.0,71.0,75.0,90.0,102.0,170.0,423.0,965.0,947.0,620.0,438.0,146.0,126.0,354.0,253.0,158.0,183.0,140.0,189.0,136.0,192.0,134.0,471.0,342.0,448.0,199.0,302.0,130.0,215.0,365,0,-1,-2,-2,-2,-2,-2,-2,-2,-2,-2,-2,-2,-2,-2,-2,-2,-2,150,True,365.265625,365.0,True,150,True,False,365.0,365.265625,365.0,150,True,150,True,True
7.068962,1778595902.238454,26,7068962,72.0,74.0,153.0,105.0,154.0,123.0,151.0,99.0,173.0,90.0,140.0,88.0,192.0,142.0,174.0,212.0,118.0,71.0,78.0,62.0,102.0,88.0,102.0,93.0,98.0,174.0,135.0,162.0,155.0,208.0,98.0,124.0,135.0,78.0,87.0,77.0,88.0,83.0,89.0,109.0,140.0,163.0,332.0,168.0,233.0,219.0,228.0,183.0,93.0,79.0,81.0,72.0,77.0,69.0,58.0,77.0,71.0,197.0,239.0,424.0,612.0,736.0,469.0,339.0,172.0,94.0,75.0,78.0,81.0,80.0,71.0,94.0,89.0,330.0,1203.0,2830.0,5858.0,2503.0,764.0,294.0,125.0,102.0,82.0,97.0,83.0,90.0,66.0,106.0,195.0,397.0,1359.0,4129.0,2482.0,1862.0,991.0,106.0,144.0,105.0,74.0,86.0,84.0,78.0,94.0,110.0,185.0,458.0,1097.0,1072.0,677.0,474.0,150.0,121.0,368.0,248.0,150.0,184.0,139.0,197.0,134.0,200.0,144.0,488.0,383.0,488.0,212.0,307.0,137.0,208.0,359,0,-1,-2,-2,-2,-2,-2,-2,-2,-2,-2,-2,-2,-2,-2,-2,-2,-2,150,True,359.3671875,359.0,True,150,True,False,359.0,359.3671875,359.0,150,True,150,True,True
7.093964,1778595902.253794,27,7093964,79.0,68.0,144.0,109.0,158.0,108.0,157.0,104.0,176.0,94.0,137.0,63.0,179.0,137.0,181.0,221.0,122.0,72.0,60.0,66.0,94.0,91.0,95.0,93.0,100.0,162.0,136.0,151.0,152.0,218.0,96.0,132.0,135.0,82.0,90.0,78.0,92.0,87.0,80.0,97.0,139.0,158.0,297.0,151.0,214.0,196.0,212.0,169.0,102.0,77.0,72.0,69.0,73.0,77.0,54.0,71.0,69.0,183.0,218.0,377.0,520.0,672.0,437.0,317.0,173.0,95.0,77.0,87.0,89.0,85.0,65.0,89.0,96.0,320.0,1164.0,2632.0,5379.0,2334.0,714.0,289.0,125.0,100.0,87.0,90.0,77.0,94.0,77.0,102.0,201.0,402.0,1408.0,4331.0,2480.0,1858.0,975.0,110.0,158.0,111.0,85.0,87.0,87.0,85.0,87.0,104.0,196.0,487.0,1180.0,1142.0,723.0,500.0,164.0,125.0,358.0,247.0,154.0,186.0,141.0,193.0,126.0,186.0,153.0,503.0,394.0,533.0,232.0,328.0,136.0,215.0,353,0,-1,-2,-2,-2,-2,-2,-2,-2,-2,-2,-2,-2,-2,-2,-2,-2,-2,150,True,353.3671875,353.0,True,150,True,False,353.0,353.3671875,353.0,150,True,150,True,True
7.118963,1778595902.284999,28,7118963,73.0,72.0,144.0,109.0,150.0,115.0,158.0,102.0,176.0,88.0,135.0,76.0,176.0,142.0,179.0,217.0,122.0,72.0,57.0,55.0,89.0,96.0,108.0,87.0,99.0,158.0,128.0,150.0,146.0,186.0,98.0,133.0,138.0,83.0,87.0,72.0,93.0,89.0,81.0,99.0,143.0,141.0,285.0,147.0,193.0,187.0,213.0,173.0,96.0,79.0,75.0,70.0,71.0,72.0,56.0,74.0,70.0,192.0,210.0,350.0,480.0,642.0,412.0,304.0,169.0,91.0,74.0,80.0,87.0,81.0,72.0,96.0,87.0,327.0,1169.0,2561.0,5100.0,2247.0,694.0,284.0,120.0,106.0,84.0,87.0,81.0,85.0,70.0,108.0,206.0,423.0,1460.0,4497.0,2492.0,1841.0,989.0,123.0,140.0,105.0,75.0,81.0,88.0,92.0,86.0,106.0,190.0,515.0,1234.0,1183.0,720.0,518.0,171.0,120.0,355.0,243.0,168.0,179.0,149.0,200.0,133.0,185.0,146.0,505.0,434.0,575.0,241.0,346.0,140.0,209.0,351,0,-1,-2,-2,-2,-2,-2,-2,-2,-2,-2,-2,-2,-2,-2,-2,-2,-2,150,True,351.53125,351.0,True,150,True,False,351.0,351.53125,351.0,150,True,150,True,True
7.143964,1778595902.311069,29,7143964,74.0,81.0,141.0,98.0,162.0,117.0,153.0,106.0,180.0,90.0,136.0,79.0,178.0,138.0,177.0,216.0,120.0,65.0,63.0,72.0,85.0,91.0,96.0,96.0,92.0,154.0,121.0,135.0,137.0,185.0,89.0,129.0,135.0,77.0,87.0,76.0,81.0,87.0,90.0,99.0,150.0,152.0,294.0,143.0,198.0,182.0,207.0,164.0,91.0,81.0,89.0,76.0,79.0,73.0,57.0,70.0,71.0,192.0,210.0,358.0,491.0,637.0,413.0,296.0,169.0,81.0,69.0,81.0,90.0,74.0,68.0,94.0,89.0,339.0,1210.0,2607.0,5061.0,2216.0,680.0,277.0,133.0,111.0,82.0,101.0,73.0,85.0,74.0,108.0,214.0,436.0,1491.0,4497.0,2486.0,1817.0,970.0,111.0,148.0,111.0,82.0,79.0,86.0,87.0,100.0,109.0,202.0,520.0,1217.0,1172.0,723.0,518.0,174.0,107.0,359.0,245.0,157.0,184.0,142.0,199.0,136.0,195.0,144.0,514.0,448.0,600.0,244.0,328.0,136.0,206.0,351,0,-1,-2,-2,-2,-2,-2,-2,-2,-2,-2,-2,-2,-2,-2,-2,-2,-2,150,True,351.78125,351.0,True,150,True,False,351.0,351.78125,351.0,150,True,150,True,True
7.168965,1778595902.332681,30,7168965,73.0,69.0,150.0,116.0,159.0,115.0,150.0,109.0,185.0,87.0,136.0,78.0,170.0,136.0,177.0,226.0,118.0,73.0,65.0,68.0,91.0,86.0,97.0,80.0,95.0,154.0,129.0,134.0,150.0,184.0,85.0,127.0,133.0,72.0,85.0,88.0,78.0,87.0,87.0,102.0,143.0,154.0,310.0,159.0,217.0,197.0,206.0,168.0,98.0,76.0,81.0,70.0,75.0,77.0,54.0,76.0,65.0,194.0,229.0,392.0,541.0,691.0,426.0,284.0,163.0,84.0,72.0,76.0,80.0,83.0,68.0,104.0,83.0,352.0,1289.0,2733.0,5202.0,2223.0,685.0,283.0,133.0,107.0,87.0,89.0,90.0,85.0,72.0,112.0,199.0,415.0,1482.0,4326.0,2388.0,1740.0,955.0,115.0,144.0,103.0,89.0,78.0,90.0,79.0,102.0,119.0,204.0,508.0,1144.0,1080.0,689.0,498.0,166.0,128.0,355.0,251.0,158.0,200.0,148.0,190.0,143.0,194.0,150.0,516.0,440.0,579.0,236.0,333.0,140.0,212.0,351,0,-1,-2,-2,-2,-2,-2,-2,-2,-2,-2,-2,-2,-2,-2,-2,-2,-2,150,True,351.78125,351.0,True,150,True,False,351.0,351.78125,351.0,150,True,150,True,True
7.193965,1778595902.348398,31,7193965,70.0,74.0,153.0,104.0,155.0,120.0,160.0,100.0,182.0,79.0,146.0,80.0,184.0,141.0,180.0,216.0,116.0,70.0,66.0,59.0,96.0,93.0,108.0,90.0,103.0,159.0,136.0,152.0,137.0,203.0,96.0,130.0,129.0,78.0,90.0,85.0,89.0,79.0,90.0,96.0,136.0,155.0,345.0,183.0,275.0,229.0,220.0,165.0,99.0,72.0,83.0,73.0,72.0,79.0,72.0,72.0,73.0,205.0,269.0,474.0,676.0,797.0,459.0,311.0,167.0,85.0,69.0,76.0,82.0,78.0,70.0,94.0,88.0,348.0,1440.0,3034.0,5597.0,2308.0,694.0,279.0,132.0,96.0,82.0,86.0,78.0,88.0,83.0,110.0,212.0,417.0,1460.0,4087.0,2279.0,1626.0,895.0,110.0,146.0,108.0,80.0,74.0,85.0,87.0,88.0,105.0,208.0,488.0,1045.0,972.0,629.0,463.0,154.0,119.0,353.0,246.0,161.0,200.0,140.0,183.0,135.0,189.0,147.0,512.0,418.0,539.0,238.0,331.0,139.0,219.0,356,0,-1,-2,-2,-2,-2,-2,-2,-2,-2,-2,-2,-2,-2,-2,-2,-2,-2,150,True,356.5546875,356.0,True,150,True,False,356.0,356.5546875,356.0,150,True,150,True,True
7.218967,1778595902.387426,32,7218967,79.0,72.0,148.0,110.0,156.0,115.0,154.0,104.0,176.0,102.0,144.0,79.0,169.0,138.0,183.0,219.0,112.0,57.0,62.0,61.0,89.0,96.0,104.0,107.0,87.0,165.0,138.0,179.0,172.0,214.0,94.0,134.0,134.0,88.0,80.0,71.0,91.0,86.0,91.0,103.0,143.0,180.0,404.0,235.0,365.0,277.0,234.0,166.0,97.0,82.0,80.0,74.0,70.0,83.0,59.0,67.0,70.0,221.0,303.0,640.0,929.0,998.0,529.0,333.0,160.0,87.0,67.0,86.0,86.0,87.0,69.0,93.0,83.0,385.0,1583.0,3379.0,6104.0,2402.0,708.0,286.0,128.0,106.0,97.0,87.0,76.0,83.0,75.0,115.0,211.0,408.0,1367.0,3574.0,2035.0,1469.0,844.0,110.0,137.0,109.0,80.0,87.0,89.0,91.0,96.0,106.0,201.0,463.0,899.0,820.0,542.0,415.0,141.0,120.0,350.0,245.0,152.0,192.0,138.0,194.0,131.0,194.0,150.0,500.0,374.0,482.0,214.0,319.0,139.0,214.0,361,0,-1,-2,-2,-2,-2,-2,-2,-2,-2,-2,-2,-2,-2,-2,-2,-2,-2,150,True,361.21875,361.0,True,150,True,False,361.0,361.21875,361.0,150,True,150,True,True
7.243968,1778595902.412306,33,7243968,76.0,72.0,143.0,111.0,158.0,121.0,148.0,106.0,169.0,95.0,130.0,80.0,183.0,139.0,171.0,216.0,121.0,69.0,65.0,57.0,80.0,105.0,102.0,92.0,92.0,180.0,160.0,213.0,219.0,256.0,103.0,123.0,125.0,72.0,84.0,57.0,87.0,88.0,82.0,94.0,151.0,198.0,519.0,303.0,510.0,357.0,280.0,183.0,97.0,73.0,85.0,70.0,77.0,73.0,56.0,74.0,73.0,234.0,372.0,892.0,1341.0,1254.0,607.0,368.0,168.0,81.0,67.0,88.0,88.0,83.0,67.0,95.0,87.0,371.0,1682.0,3601.0,6472.0,2420.0,720.0,276.0,128.0,105.0,86.0,94.0,84.0,85.0,72.0,114.0,209.0,386.0,1128.0,2774.0,1687.0,1248.0,739.0,113.0,147.0,106.0,89.0,90.0,87.0,88.0,97.0,120.0,191.0,407.0,709.0,650.0,447.0,365.0,136.0,119.0,365.0,259.0,161.0,192.0,145.0,201.0,128.0,190.0,151.0,493.0,341.0,417.0,202.0,309.0,137.0,218.0,361,0,-1,-2,-2,-2,-2,-2,-2,-2,-2,-2,-2,-2,-2,-2,-2,-2,-2,150,True,361.453125,361.0,True,150,True,False,361.0,361.453125,361.0,150,True,150,True,True
7.26897,1778595902.428414,34,7268970,72.0,71.0,152.0,110.0,159.0,110.0,162.0,103.0,181.0,93.0,140.0,79.0,178.0,140.0,173.0,226.0,118.0,70.0,58.0,59.0,90.0,96.0,101.0,88.0,109.0,199.0,201.0,278.0,272.0,330.0,108.0,127.0,136.0,85.0,91.0,73.0,80.0,88.0,87.0,95.0,154.0,208.0,676.0,429.0,779.0,472.0,332.0,201.0,94.0,81.0,84.0,69.0,77.0,73.0,58.0,75.0,64.0,260.0,454.0,1326.0,1967.0,1570.0,701.0,419.0,179.0,95.0,79.0,89.0,83.0,83.0,71.0,91.0,88.0,374.0,1683.0,3684.0,6592.0,2355.0,699.0,292.0,127.0,105.0,87.0,88.0,89.0,86.0,72.0,106.0,206.0,348.0,871.0,1972.0,1300.0,1044.0,646.0,108.0,134.0,111.0,82.0,81.0,90.0,81.0,96.0,103.0,185.0,354.0,554.0,488.0,363.0,313.0,126.0,126.0,360.0,247.0,158.0,192.0,156.0,193.0,125.0,185.0,149.0,457.0,294.0,368.0,170.0,274.0,136.0,230.0,363,0,-1,-2,-2,-2,-2,-2,-2,-2,-2,-2,-2,-2,-2,-2,-2,-2,-2,150,True,363.9375,363.0,True,150,True,False,363.0,363.9375,363.0,150,True,150,True,True
7.293972,1778595902.460989,35,7293972,74.0,73.0,143.0,111.0,154.0,117.0,159.0,108.0,177.0,95.0,153.0,78.0,181.0,134.0,182.0,224.0,117.0,65.0,62.0,65.0,92.0,94.0,112.0,91.0,106.0,235.0,239.0,368.0,395.0,423.0,122.0,126.0,134.0,80.0,88.0,74.0,93.0,88.0,85.0,97.0,157.0,250.0,882.0,589.0,1125.0,626.0,392.0,215.0,100.0,85.0,78.0,64.0,76.0,74.0,63.0,70.0,68.0,274.0,529.0,1902.0,2813.0,1908.0,818.0,466.0,172.0,96.0,72.0,83.0,81.0,76.0,63.0,97.0,83.0,362.0,1547.0,3457.0,6182.0,2160.0,685.0,292.0,121.0,108.0,89.0,87.0,84.0,85.0,72.0,117.0,187.0,314.0,622.0,1302.0,931.0,835.0,540.0,101.0,142.0,109.0,75.0,88.0,83.0,86.0,91.0,109.0,162.0,298.0,408.0,368.0,298.0,249.0,104.0,126.0,355.0,248.0,164.0,187.0,142.0,186.0,128.0,191.0,145.0,455.0,263.0,319.0,161.0,287.0,134.0,214.0,364,0,-1,-2,-2,-2,-2,-2,-2,-2,-2,-2,-2,-2,-2,-2,-2,-2,-2,150,True,364.96875,364.0,True,150,True,False,364.0,364.96875,364.0,150,True,150,True,True
7.318972,1778595902.484825,36,7318972,71.0,79.0,147.0,105.0,155.0,115.0,160.0,100.0,179.0,103.0,150.0,88.0,199.0,140.0,181.0,224.0,123.0,70.0,63.0,72.0,95.0,103.0,93.0,90.0,105.0,263.0,298.0,498.0,531.0,558.0,120.0,137.0,136.0,82.0,82.0,75.0,83.0,93.0,86.0,99.0,163.0,279.0,1144.0,791.0,1565.0,807.0,462.0,225.0,98.0,74.0,76.0,67.0,68.0,83.0,56.0,70.0,72.0,280.0,603.0,2562.0,3736.0,2243.0,920.0,522.0,166.0,81.0,74.0,85.0,85.0,85.0,74.0,95.0,82.0,333.0,1297.0,2946.0,5198.0,1857.0,637.0,279.0,129.0,105.0,87.0,89.0,88.0,79.0,72.0,104.0,174.0,256.0,423.0,860.0,642.0,644.0,450.0,106.0,140.0,109.0,87.0,86.0,86.0,87.0,92.0,112.0,156.0,246.0,303.0,281.0,229.0,209.0,106.0,126.0,356.0,243.0,155.0,198.0,144.0,190.0,134.0,191.0,137.0,440.0,232.0,288.0,147.0,268.0,132.0,207.0,364,0,-1,-2,-2,-2,-2,-2,-2,-2,-2,-2,-2,-2,-2,-2,-2,-2,-2,150,True,364.96875,364.0,True,150,True,False,364.0,364.96875,364.0,150,True,150,True,True
7.343971,1778595902.511578,37,7343971,71.0,73.0,148.0,103.0,155.0,114.0,158.0,105.0,175.0,99.0,153.0,90.0,220.0,151.0,185.0,220.0,113.0,67.0,54.0,66.0,86.0,96.0,107.0,89.0,109.0,308.0,398.0,656.0,702.0,712.0,137.0,126.0,144.0,88.0,85.0,72.0,96.0,81.0,86.0,101.0,170.0,329.0,1415.0,1062.0,2104.0,997.0,534.0,249.0,101.0,80.0,71.0,64.0,71.0,84.0,59.0,68.0,75.0,279.0,652.0,3171.0,4561.0,2528.0,1005.0,578.0,174.0,96.0,69.0,78.0,81.0,89.0,70.0,93.0,91.0,293.0,1021.0,2359.0,3988.0,1511.0,575.0,285.0,125.0,120.0,89.0,94.0,82.0,85.0,81.0,103.0,155.0,221.0,283.0,582.0,438.0,508.0,366.0,91.0,151.0,117.0,87.0,87.0,89.0,86.0,90.0,100.0,138.0,206.0,244.0,217.0,193.0,182.0,107.0,123.0,356.0,248.0,146.0,187.0,144.0,185.0,141.0,189.0,136.0,434.0,214.0,261.0,143.0,260.0,131.0,208.0,367,0,-1,-2,-2,-2,-2,-2,-2,-2,-2,-2,-2,-2,-2,-2,-2,-2,-2,150,True,367.203125,367.0,True,150,True,False,367.0,367.203125,367.0,150,True,150,True,True
7.368974,1778595902.524499,38,7368974,79.0,70.0,143.0,102.0,152.0,119.0,163.0,100.0,185.0,93.0,168.0,104.0,238.0,167.0,176.0,223.0,108.0,65.0,59.0,61.0,87.0,94.0,113.0,105.0,117.0,357.0,505.0,858.0,889.0,882.0,148.0,128.0,140.0,79.0,85.0,63.0,89.0,85.0,86.0,110.0,194.0,371.0,1685.0,1354.0,2664.0,1169.0,604.0,269.0,95.0,72.0,80.0,70.0,77.0,75.0,59.0,70.0,73.0,278.0,685.0,3745.0,5244.0,2712.0,1052.0,614.0,168.0,86.0,68.0,74.0,79.0,88.0,67.0,93.0,80.0,264.0,781.0,1857.0,2969.0,1214.0,506.0,268.0,129.0,105.0,80.0,88.0,87.0,88.0,74.0,103.0,151.0,184.0,209.0,418.0,343.0,406.0,308.0,97.0,141.0,120.0,84.0,80.0,86.0,85.0,96.0,105.0,127.0,183.0,201.0,186.0,162.0,174.0,99.0,120.0,363.0,247.0,156.0,201.0,146.0,195.0,132.0,196.0,129.0,413.0,207.0,250.0,144.0,250.0,130.0,208.0,373,0,-1,-2,-2,-2,-2,-2,-2,-2,-2,-2,-2,-2,-2,-2,-2,-2,-2,150,True,373.859375,373.0,True,150,True,False,373.0,373.859375,373.0,150,True,150,True,True
7.393975,1778595902.556112,39,7393975,65.0,64.0,150.0,105.0,166.0,107.0,160.0,110.0,178.0,93.0,192.0,116.0,263.0,167.0,188.0,225.0,129.0,67.0,75.0,65.0,88.0,96.0,109.0,92.0,128.0,409.0,642.0,1029.0,1037.0,1011.0,173.0,128.0,148.0,72.0,82.0,73.0,88.0,81.0,82.0,100.0,190.0,397.0,1937.0,1653.0,3146.0,1294.0,637.0,276.0,93.0,70.0,83.0,70.0,69.0,66.0,46.0,75.0,71.0,280.0,680.0,4141.0,5597.0,2760.0,1042.0,636.0,161.0,91.0,76.0,86.0,89.0,86.0,66.0,91.0,85.0,239.0,608.0,1442.0,2117.0,948.0,442.0,255.0,126.0,97.0,81.0,98.0,81.0,78.0,76.0,105.0,123.0,175.0,181.0,324.0,269.0,328.0,271.0,78.0,132.0,110.0,80.0,86.0,77.0,85.0,95.0,102.0,125.0,167.0,179.0,160.0,147.0,151.0,95.0,127.0,357.0,250.0,153.0,181.0,149.0,202.0,143.0,190.0,137.0,416.0,201.0,243.0,126.0,247.0,134.0,215.0,377,0,-1,-2,-2,-2,-2,-2,-2,-2,-2,-2,-2,-2,-2,-2,-2,-2,-2,150,True,377.3203125,377.0,True,150,True,False,377.0,377.3203125,377.0,150,True,150,True,True
7.418977,1778595902.588,40,7418977,71.0,69.0,136.0,109.0,165.0,120.0,171.0,104.0,192.0,103.0,202.0,127.0,302.0,185.0,177.0,230.0,112.0,66.0,63.0,55.0,89.0,91.0,109.0,98.0,137.0,494.0,775.0,1213.0,1197.0,1105.0,172.0,131.0,135.0,87.0,83.0,72.0,93.0,89.0,96.0,118.0,203.0,418.0,2183.0,1959.0,3578.0,1358.0,642.0,271.0,89.0,84.0,78.0,65.0,72.0,71.0,63.0,77.0,74.0,270.0,676.0,4399.0,5731.0,2722.0,1001.0,636.0,163.0,86.0,66.0,87.0,90.0,85.0,61.0,92.0,85.0,229.0,504.0,1151.0,1516.0,759.0,386.0,252.0,130.0,113.0,86.0,97.0,80.0,74.0,72.0,90.0,126.0,163.0,153.0,261.0,219.0,286.0,226.0,91.0,139.0,113.0,82.0,75.0,85.0,84.0,86.0,107.0,127.0,160.0,167.0,146.0,130.0,143.0,87.0,122.0,356.0,241.0,160.0,201.0,141.0,197.0,144.0,185.0,131.0,396.0,202.0,232.0,124.0,241.0,128.0,216.0,381,0,-1,-2,-2,-2,-2,-2,-2,-2,-2,-2,-2,-2,-2,-2,-2,-2,-2,150,True,381.953125,381.0,True,150,True,False,381.0,381.953125,381.0,150,True,150,True,True
7.443977,1778595902.612121,41,7443977,72.0,64.0,153.0,110.0,153.0,118.0,161.0,113.0,182.0,105.0,231.0,145.0,330.0,183.0,180.0,228.0,116.0,70.0,68.0,65.0,88.0,87.0,107.0,102.0,150.0,545.0,920.0,1380.0,1322.0,1201.0,175.0,127.0,148.0,85.0,91.0,80.0,87.0,75.0,84.0,111.0,216.0,453.0,2451.0,2300.0,4019.0,1416.0,659.0,282.0,106.0,71.0,87.0,69.0,82.0,74.0,65.0,75.0,67.0,264.0,684.0,4672.0,5930.0,2718.0,996.0,672.0,167.0,96.0,70.0,81.0,79.0,78.0,82.0,99.0,85.0,206.0,430.0,937.0,1154.0,627.0,349.0,239.0,125.0,104.0,85.0,97.0,80.0,90.0,76.0,99.0,108.0,152.0,147.0,233.0,183.0,261.0,199.0,83.0,144.0,111.0,93.0,85.0,88.0,78.0,86.0,100.0,115.0,141.0,159.0,137.0,134.0,134.0,91.0,128.0,359.0,238.0,166.0,186.0,147.0,197.0,140.0,184.0,129.0,406.0,181.0,217.0,128.0,231.0,126.0,206.0,392,0,-1,-2,-2,-2,-2,-2,-2,-2,-2,-2,-2,-2,-2,-2,-2,-2,-2,150,True,392.234375,392.0,True,150,True,False,392.0,392.234375,392.0,150,True,150,True,True
7.468978,1778595902.635576,42,7468978,63.0,65.0,151.0,107.0,145.0,118.0,158.0,111.0,185.0,108.0,253.0,163.0,359.0,201.0,189.0,223.0,117.0,72.0,59.0,68.0,88.0,103.0,110.0,93.0,136.0,627.0,1062.0,1539.0,1410.0,1254.0,181.0,133.0,136.0,86.0,83.0,65.0,91.0,90.0,75.0,107.0,220.0,484.0,2703.0,2601.0,4321.0,1426.0,670.0,293.0,105.0,85.0,87.0,71.0,71.0,78.0,66.0,86.0,73.0,262.0,666.0,4777.0,5879.0,2651.0,995.0,683.0,168.0,96.0,73.0,74.0,80.0,82.0,71.0,89.0,78.0,196.0,399.0,761.0,894.0,538.0,326.0,229.0,113.0,114.0,80.0,95.0,88.0,86.0,70.0,87.0,109.0,144.0,140.0,208.0,157.0,221.0,179.0,84.0,139.0,114.0,81.0,87.0,84.0,77.0,94.0,102.0,112.0,125.0,144.0,127.0,120.0,135.0,88.0,116.0,358.0,241.0,158.0,186.0,151.0,181.0,138.0,187.0,137.0,399.0,180.0,222.0,136.0,233.0,130.0,205.0,397,0,-1,-2,-2,-2,-2,-2,-2,-2,-2,-2,-2,-2,-2,-2,-2,-2,-2,150,True,397.2890625,397.0,True,150,True,False,397.0,397.2890625,397.0,150,True,150,True,True
7.49398,1778595902.658758,43,7493980,67.0,70.0,144.0,108.0,156.0,111.0,152.0,96.0,196.0,119.0,289.0,194.0,391.0,201.0,183.0,231.0,116.0,79.0,62.0,71.0,90.0,98.0,97.0,97.0,146.0,701.0,1236.0,1725.0,1530.0,1313.0,199.0,126.0,121.0,81.0,89.0,69.0,90.0,95.0,83.0,110.0,217.0,505.0,2944.0,2924.0,4602.0,1464.0,671.0,294.0,110.0,77.0,88.0,69.0,71.0,77.0,64.0,64.0,65.0,247.0,648.0,4577.0,5520.0,2544.0,965.0,697.0,165.0,92.0,81.0,76.0,83.0,79.0,73.0,91.0,85.0,185.0,356.0,603.0,676.0,457.0,303.0,230.0,134.0,105.0,97.0,92.0,89.0,84.0,71.0,89.0,104.0,136.0,128.0,184.0,136.0,194.0,170.0,91.0,148.0,109.0,75.0,78.0,88.0,82.0,91.0,102.0,110.0,123.0,139.0,115.0,109.0,120.0,84.0,120.0,347.0,251.0,153.0,198.0,145.0,198.0,132.0,180.0,137.0,400.0,193.0,215.0,130.0,237.0,136.0,209.0,399,0,-1,-2,-2,-2,-2,-2,-2,-2,-2,-2,-2,-2,-2,-2,-2,-2,-2,150,True,399.4453125,399.0,True,150,True,False,399.0,399.4453125,399.0,150,True,150,True,True
7.518982,1778595902.685094,44,7518982,73.0,64.0,145.0,109.0,158.0,116.0,158.0,107.0,201.0,121.0,328.0,232.0,444.0,215.0,191.0,222.0,112.0,67.0,52.0,66.0,83.0,88.0,103.0,93.0,160.0,811.0,1445.0,1965.0,1720.0,1411.0,202.0,128.0,133.0,84.0,86.0,67.0,80.0,80.0,90.0,103.0,227.0,542.0,3215.0,3281.0,5032.0,1508.0,675.0,297.0,96.0,76.0,82.0,76.0,78.0,73.0,69.0,71.0,69.0,249.0,620.0,4223.0,5024.0,2393.0,919.0,698.0,169.0,92.0,67.0,82.0,90.0,76.0,72.0,83.0,88.0,173.0,320.0,462.0,513.0,387.0,278.0,220.0,138.0,89.0,85.0,88.0,66.0,94.0,79.0,90.0,91.0,136.0,126.0,151.0,127.0,175.0,151.0,85.0,148.0,115.0,97.0,87.0,86.0,86.0,101.0,94.0,110.0,128.0,136.0,127.0,111.0,119.0,81.0,114.0,341.0,255.0,158.0,193.0,152.0,198.0,130.0,190.0,128.0,387.0,182.0,210.0,124.0,240.0,141.0,200.0,403,0,-1,-2,-2,-2,-2,-2,-2,-2,-2,-2,-2,-2,-2,-2,-2,-2,-2,150,True,403.265625,403.0,True,150,True,False,403.0,403.265625,403.0,150,True,150,True,True
7.543983,1778595902.712341,45,7543983,75.0,77.0,146.0,106.0,153.0,109.0,159.0,107.0,192.0,129.0,384.0,301.0,507.0,237.0,201.0,231.0,107.0,68.0,60.0,59.0,92.0,93.0,114.0,99.0,168.0,920.0,1654.0,2222.0,1901.0,1515.0,215.0,128.0,127.0,91.0,84.0,71.0,76.0,93.0,83.0,103.0,234.0,572.0,3459.0,3618.0,5410.0,1557.0,684.0,305.0,97.0,72.0,82.0,62.0,68.0,82.0,55.0,76.0,60.0,246.0,581.0,3746.0,4398.0,2188.0,866.0,691.0,170.0,87.0,72.0,82.0,86.0,82.0,73.0,90.0,78.0,173.0,289.0,365.0,411.0,348.0,256.0,214.0,124.0,107.0,84.0,84.0,73.0,85.0,72.0,90.0,96.0,136.0,110.0,148.0,128.0,169.0,145.0,85.0,150.0,109.0,79.0,89.0,75.0,90.0,87.0,94.0,96.0,119.0,128.0,112.0,112.0,117.0,86.0,120.0,350.0,262.0,160.0,185.0,156.0,185.0,132.0,177.0,127.0,381.0,185.0,215.0,127.0,240.0,133.0,201.0,405,0,-1,-2,-2,-2,-2,-2,-2,-2,-2,-2,-2,-2,-2,-2,-2,-2,-2,150,True,405.9140625,405.0,True,150,True,False,405.0,405.9140625,405.0,150,True,150,True,True
7.568986,1778595902.731254,46,7568986,76.0,72.0,144.0,121.0,153.0,121.0,149.0,112.0,201.0,131.0,437.0,364.0,576.0,246.0,207.0,229.0,122.0,62.0,65.0,71.0,88.0,91.0,103.0,98.0,173.0,1023.0,1845.0,2437.0,2043.0,1584.0,232.0,134.0,127.0,88.0,72.0,64.0,89.0,88.0,82.0,101.0,247.0,589.0,3647.0,3864.0,5662.0,1554.0,690.0,311.0,96.0,68.0,84.0,72.0,77.0,76.0,57.0,71.0,63.0,238.0,550.0,3281.0,3795.0,1973.0,816.0,663.0,164.0,87.0,75.0,93.0,78.0,78.0,59.0,90.0,89.0,175.0,262.0,322.0,358.0,294.0,238.0,201.0,130.0,107.0,88.0,99.0,76.0,103.0,73.0,91.0,100.0,134.0,107.0,143.0,108.0,164.0,130.0,86.0,149.0,109.0,85.0,88.0,84.0,91.0,88.0,96.0,103.0,121.0,137.0,104.0,103.0,113.0,86.0,110.0,354.0,236.0,151.0,184.0,133.0,190.0,134.0,183.0,127.0,392.0,174.0,202.0,121.0,229.0,119.0,207.0,406,0,-1,-2,-2,-2,-2,-2,-2,-2,-2,-2,-2,-2,-2,-2,-2,-2,-2,150,True,406.015625,406.0,True,150,True,False,406.0,406.015625,406.0,150,True,150,True,True
7.593984,1778595902.76284,47,7593984,70.0,72.0,148.0,109.0,152.0,119.0,156.0,110.0,207.0,132.0,506.0,435.0,663.0,266.0,195.0,231.0,124.0,72.0,67.0,61.0,85.0,102.0,104.0,98.0,200.0,1104.0,1968.0,2577.0,2147.0,1643.0,239.0,137.0,148.0,90.0,81.0,65.0,96.0,87.0,79.0,107.0,248.0,620.0,3790.0,4047.0,5803.0,1548.0,684.0,305.0,97.0,73.0,78.0,71.0,74.0,73.0,59.0,66.0,60.0,230.0,529.0,2962.0,3346.0,1795.0,744.0,651.0,170.0,84.0,77.0,75.0,85.0,84.0,67.0,91.0,92.0,157.0,257.0,286.0,321.0,289.0,218.0,188.0,132.0,117.0,85.0,89.0,73.0,89.0,71.0,90.0,87.0,127.0,103.0,126.0,103.0,150.0,113.0,83.0,147.0,111.0,88.0,87.0,80.0,94.0,88.0,101.0,108.0,119.0,125.0,104.0,92.0,101.0,79.0,107.0,354.0,248.0,167.0,184.0,150.0,203.0,128.0,183.0,134.0,392.0,184.0,198.0,128.0,225.0,129.0,209.0,406,0,-1,-2,-2,-2,-2,-2,-2,-2,-2,-2,-2,-2,-2,-2,-2,-2,-2,150,True,406.4921875,406.0,True,150,True,False,406.0,406.4921875,406.0,150,True,150,True,True
7.618984,1778595902.785228,48,7618984,68.0,76.0,138.0,103.0,154.0,113.0,167.0,106.0,200.0,138.0,548.0,476.0,706.0,286.0,201.0,234.0,123.0,73.0,66.0,63.0,81.0,96.0,103.0,105.0,194.0,1147.0,1995.0,2582.0,2157.0,1654.0,250.0,128.0,138.0,84.0,85.0,70.0,90.0,90.0,87.0,105.0,249.0,614.0,3833.0,4106.0,5806.0,1523.0,672.0,297.0,94.0,70.0,85.0,74.0,81.0,80.0,57.0,73.0,62.0,239.0,522.0,2844.0,3180.0,1718.0,715.0,620.0,168.0,92.0,71.0,81.0,78.0,73.0,68.0,82.0,81.0,167.0,249.0,284.0,309.0,281.0,216.0,199.0,131.0,103.0,96.0,94.0,82.0,96.0,72.0,86.0,96.0,116.0,98.0,130.0,111.0,147.0,123.0,81.0,152.0,106.0,79.0,96.0,78.0,71.0,100.0,95.0,102.0,113.0,128.0,98.0,96.0,105.0,75.0,125.0,365.0,243.0,158.0,201.0,151.0,199.0,131.0,184.0,131.0,387.0,183.0,192.0,127.0,223.0,131.0,211.0,405,0,-1,-2,-2,-2,-2,-2,-2,-2,-2,-2,-2,-2,-2,-2,-2,-2,-2,150,True,405.3984375,405.0,True,150,True,False,405.0,405.3984375,405.0,150,True,150,True,True
7.643984,1778595902.812754,49,7643984,72.0,72.0,149.0,106.0,146.0,110.0,158.0,104.0,208.0,137.0,547.0,464.0,705.0,285.0,208.0,231.0,119.0,62.0,58.0,70.0,87.0,92.0,106.0,102.0,198.0,1144.0,1916.0,2469.0,2061.0,1635.0,241.0,138.0,135.0,82.0,72.0,76.0,84.0,97.0,84.0,94.0,255.0,623.0,3810.0,4103.0,5707.0,1491.0,665.0,309.0,93.0,88.0,84.0,80.0,77.0,74.0,56.0,73.0,69.0,233.0,531.0,3035.0,3354.0,1749.0,704.0,617.0,170.0,97.0,71.0,88.0,88.0,80.0,69.0,90.0,79.0,162.0,278.0,304.0,342.0,289.0,220.0,198.0,136.0,100.0,88.0,76.0,78.0,84.0,74.0,88.0,94.0,133.0,104.0,135.0,107.0,154.0,123.0,85.0,149.0,113.0,77.0,84.0,90.0,88.0,82.0,101.0,94.0,119.0,124.0,104.0,89.0,108.0,73.0,116.0,355.0,248.0,158.0,200.0,150.0,194.0,126.0,176.0,125.0,393.0,171.0,200.0,118.0,220.0,129.0,204.0,405,0,-1,-2,-2,-2,-2,-2,-2,-2,-2,-2,-2,-2,-2,-2,-2,-2,-2,150,True,405.203125,405.0,True,150,True,False,405.0,405.203125,405.0,150,True,150,True,True
7.668987,1778595902.827032,50,7668987,70.0,69.0,143.0,105.0,152.0,117.0,153.0,110.0,205.0,136.0,496.0,420.0,632.0,266.0,204.0,232.0,118.0,63.0,60.0,70.0,89.0,94.0,98.0,106.0,200.0,1105.0,1741.0,2212.0,1876.0,1533.0,248.0,133.0,143.0,89.0,87.0,70.0,96.0,94.0,86.0,104.0,263.0,617.0,3704.0,3993.0,5502.0,1448.0,657.0,296.0,94.0,72.0,79.0,73.0,73.0,80.0,61.0,73.0,69.0,248.0,588.0,3484.0,3816.0,1876.0,740.0,611.0,162.0,97.0,79.0,85.0,76.0,79.0,75.0,88.0,86.0,170.0,289.0,366.0,416.0,327.0,227.0,199.0,122.0,97.0,89.0,92.0,78.0,81.0,70.0,89.0,86.0,134.0,120.0,150.0,124.0,157.0,132.0,82.0,146.0,111.0,88.0,78.0,80.0,90.0,90.0,102.0,102.0,123.0,125.0,110.0,95.0,98.0,76.0,125.0,351.0,250.0,168.0,196.0,133.0,207.0,136.0,192.0,126.0,390.0,176.0,199.0,121.0,234.0,129.0,204.0,405,0,-1,-2,-2,-2,-2,-2,-2,-2,-2,-2,-2,-2,-2,-2,-2,-2,-2,150,True,405.6015625,405.0,True,150,True,False,405.0,405.6015625,405.0,150,True,150,True,True
7.69399,1778595902.857916,51,7693990,74.0,71.0,143.0,105.0,150.0,118.0,157.0,107.0,196.0,132.0,446.0,349.0,544.0,260.0,207.0,227.0,118.0,75.0,65.0,72.0,89.0,109.0,110.0,108.0,200.0,1006.0,1494.0,1877.0,1631.0,1419.0,224.0,127.0,131.0,81.0,88.0,75.0,86.0,84.0,83.0,111.0,262.0,594.0,3425.0,3728.0,5115.0,1382.0,630.0,290.0,102.0,71.0,74.0,66.0,74.0,78.0,59.0,69.0,64.0,258.0,617.0,4070.0,4396.0,2025.0,761.0,620.0,162.0,96.0,78.0,80.0,95.0,73.0,73.0,87.0,88.0,181.0,344.0,466.0,549.0,393.0,247.0,195.0,129.0,107.0,82.0,89.0,78.0,88.0,79.0,86.0,91.0,141.0,121.0,165.0,144.0,179.0,132.0,85.0,146.0,109.0,89.0,89.0,93.0,87.0,88.0,102.0,105.0,122.0,121.0,116.0,90.0,105.0,73.0,117.0,348.0,240.0,149.0,182.0,139.0,182.0,136.0,186.0,136.0,390.0,173.0,195.0,121.0,230.0,128.0,197.0,401,0,-1,-2,-2,-2,-2,-2,-2,-2,-2,-2,-2,-2,-2,-2,-2,-2,-2,150,True,401.296875,401.0,True,150,True,False,401.0,401.296875,401.0,150,True,150,True,True
